 9.00   1.110E-016   1.077E-008   1.000E+000
 8.95   6.966E-017   1.216E-008   1.000E+000
 8.90   8.919E-017   1.372E-008   1.000E+000
 8.85   1.142E-016   1.548E-008   1.000E+000
 8.80   1.461E-016   1.746E-008   1.000E+000
 8.75   1.870E-016   1.969E-008   1.000E+000
 8.70   2.393E-016   2.221E-008   1.000E+000
 8.65   3.062E-016   2.505E-008   1.000E+000
 8.60   3.917E-016   2.823E-008   1.000E+000
 8.55   5.015E-016   3.184E-008   1.000E+000
 8.50   6.413E-016   3.587E-008   1.000E+000
 8.45   8.210E-016   4.043E-008   1.000E+000
 8.40   1.050E-015   4.555E-008   1.000E+000
 8.35   1.345E-015   5.133E-008   1.000E+000
 8.30   1.723E-015   5.785E-008   1.000E+000
 8.25   2.205E-015   6.517E-008   1.000E+000
 8.20   2.825E-015   7.341E-008   1.000E+000
 8.15   3.619E-015   8.269E-008   1.000E+000
 8.10   4.641E-015   9.317E-008   1.000E+000
 8.05   5.955E-015   1.050E-007   1.000E+000
 8.00   7.635E-015   1.182E-007   1.000E+000
 7.95   9.799E-015   1.331E-007   1.000E+000
 7.90   1.260E-014   1.500E-007   1.000E+000
 7.85   1.619E-014   1.689E-007   1.000E+000
 7.80   2.081E-014   1.902E-007   1.000E+000
 7.75   2.678E-014   2.144E-007   1.000E+000
 7.70   3.447E-014   2.415E-007   1.000E+000
 7.65   4.440E-014   2.719E-007   1.000E+000
 7.60   5.729E-014   3.064E-007   1.000E+000
 7.55   7.395E-014   3.453E-007   1.000E+000
 7.50   9.553E-014   3.892E-007   1.000E+000
 7.45   1.236E-013   4.388E-007   1.000E+000
 7.40   1.600E-013   4.949E-007   1.000E+000
 7.35   2.074E-013   5.584E-007   1.000E+000
 7.30   2.692E-013   6.303E-007   1.000E+000
 7.25   3.499E-013   7.117E-007   1.000E+000
 7.20   4.558E-013   8.041E-007   1.000E+000
 7.15   5.946E-013   9.090E-007   1.000E+000
 7.10   7.769E-013   1.028E-006   1.000E+000
 7.05   1.017E-012   1.164E-006   1.000E+000
 7.00   1.335E-012   1.319E-006   1.000E+000
 6.95   1.755E-012   1.496E-006   1.000E+000
 6.90   2.313E-012   1.699E-006   1.000E+000
 6.85   3.057E-012   1.931E-006   1.000E+000
 6.80   4.053E-012   2.199E-006   1.000E+000
 6.75   5.391E-012   2.509E-006   1.000E+000
 6.70   7.198E-012   2.869E-006   1.000E+000
 6.65   9.652E-012   3.290E-006   1.000E+000
 6.60   1.300E-011   3.783E-006   1.000E+000
 6.55   1.759E-011   4.364E-006   1.000E+000
 6.50   2.393E-011   5.053E-006   1.000E+000
 6.45   3.272E-011   5.873E-006   1.000E+000
 6.40   4.503E-011   6.858E-006   1.000E+000
 6.35   6.234E-011   8.041E-006   1.000E+000
 6.30   8.689E-011   9.478E-006   1.000E+000
 6.25   1.219E-010   1.123E-005   1.000E+000
 6.20   1.723E-010   1.338E-005   1.000E+000
 6.15   2.455E-010   1.604E-005   1.000E+000
 6.10   3.528E-010   1.937E-005   1.000E+000
 6.05   5.117E-010   2.358E-005   1.000E+000
 6.00   7.499E-010   2.898E-005   1.000E+000
 5.95   1.111E-009   3.595E-005   1.000E+000
 5.90   1.663E-009   4.504E-005   1.000E+000
 5.85   2.520E-009   5.710E-005   9.999E-001
 5.80   3.872E-009   7.335E-005   9.999E-001
 5.75   6.019E-009   9.543E-005   9.999E-001
 5.70   9.514E-009   1.263E-004   9.999E-001
 5.65   1.529E-008   1.699E-004   9.998E-001
 5.60   2.496E-008   2.330E-004   9.998E-001
 5.55   4.158E-008   3.265E-004   9.997E-001
 5.50   7.074E-008   4.688E-004   9.995E-001
 5.45   1.232E-007   6.913E-004   9.993E-001
 5.40   2.202E-007   1.050E-003   9.989E-001
 5.35   4.034E-007   1.644E-003   9.984E-001
 5.30   7.552E-007   2.647E-003   9.974E-001
 5.25   1.425E-006   4.321E-003   9.957E-001
 5.20   2.652E-006   6.992E-003   9.930E-001
 5.15   4.771E-006   1.098E-002   9.890E-001
 5.10   8.175E-006   1.646E-002   9.835E-001
 5.05   1.335E-005   2.342E-002   9.766E-001
 5.00   2.100E-005   3.166E-002   9.683E-001
 4.95   3.265E-005   4.098E-002   9.590E-001
 4.90   5.191E-005   5.119E-002   9.488E-001
 4.85   8.638E-005   6.219E-002   9.377E-001
 4.80   1.489E-004   7.396E-002   9.259E-001
 4.75   2.572E-004   8.650E-002   9.132E-001
 4.70   4.316E-004   9.981E-002   8.998E-001
 4.65   6.886E-004   1.138E-001   8.855E-001
 4.60   1.033E-003   1.281E-001   8.709E-001
 4.55   1.454E-003   1.423E-001   8.563E-001
 4.50   1.934E-003   1.560E-001   8.420E-001
 4.45   2.471E-003   1.696E-001   8.280E-001
 4.40   3.097E-003   1.837E-001   8.132E-001
 4.35   3.875E-003   1.995E-001   7.967E-001
 4.30   4.923E-003   2.183E-001   7.767E-001
 4.25   6.452E-003   2.424E-001   7.512E-001
 4.20   8.863E-003   2.744E-001   7.167E-001
 4.15   1.293E-002   3.181E-001   6.689E-001
 4.10   2.014E-002   3.770E-001   6.028E-001
 4.05   3.316E-002   4.517E-001   5.152E-001
 4.00   5.605E-002   5.351E-001   4.088E-001
 3.95   9.344E-002   6.109E-001   2.956E-001
 3.90   1.487E-001   6.593E-001   1.921E-001
 3.85   2.222E-001   6.669E-001   1.109E-001
 3.80   3.121E-001   6.320E-001   5.585E-002
 3.75   4.145E-001   5.617E-001   2.388E-002
 3.70   5.235E-001   4.682E-001   8.361E-003
 3.65   6.309E-001   3.668E-001   2.331E-003
 3.60   7.252E-001   2.742E-001   5.393E-004
 3.55   7.945E-001   2.054E-001   1.279E-004
 3.50   8.351E-001   1.649E-001   4.316E-005
 3.45   8.557E-001   1.443E-001   2.237E-005
 3.40   8.665E-001   1.335E-001   1.527E-005
 3.35   8.734E-001   1.266E-001   1.183E-005
 3.30   8.785E-001   1.215E-001   9.671E-006
 3.25   8.828E-001   1.171E-001   8.118E-006
 3.20   8.867E-001   1.133E-001   6.921E-006
 3.15   8.901E-001   1.099E-001   5.967E-006
 3.10   8.933E-001   1.067E-001   5.190E-006
 3.05   8.962E-001   1.038E-001   4.546E-006
 3.00   8.989E-001   1.011E-001   4.006E-006
 2.95   9.015E-001   9.851E-002   3.548E-006
 2.90   9.039E-001   9.610E-002   3.155E-006
 2.85   9.062E-001   9.380E-002   2.814E-006
 2.80   9.084E-001   9.160E-002   2.517E-006
 2.75   9.105E-001   8.948E-002   2.256E-006
 2.70   9.126E-001   8.743E-002   2.024E-006
 2.65   9.146E-001   8.544E-002   1.817E-006
 2.60   9.165E-001   8.349E-002   1.632E-006
 2.55   9.184E-001   8.158E-002   1.465E-006
 2.50   9.203E-001   7.968E-002   1.314E-006
 2.45   9.222E-001   7.780E-002   1.177E-006
 2.40   9.241E-001   7.593E-002   1.051E-006
 2.35   9.260E-001   7.404E-002   9.364E-007
 2.30   9.279E-001   7.214E-002   8.309E-007
 2.25   9.298E-001   7.022E-002   7.339E-007
 2.20   9.317E-001   6.826E-002   6.447E-007
 2.15   9.337E-001   6.625E-002   5.626E-007
 2.10   9.358E-001   6.420E-002   4.873E-007
 2.05   9.379E-001   6.208E-002   4.184E-007
 2.00   9.401E-001   5.990E-002   3.557E-007
 1.95   9.423E-001   5.765E-002   2.990E-007
 1.90   9.447E-001   5.534E-002   2.484E-007
 1.85   9.470E-001   5.296E-002   2.037E-007
 1.80   9.495E-001   5.052E-002   1.649E-007
 1.75   9.520E-001   4.804E-002   1.317E-007
 1.70   9.545E-001   4.552E-002   1.036E-007
 1.65   9.570E-001   4.299E-002   8.025E-008
 1.60   9.596E-001   4.045E-002   6.123E-008
 1.55   9.621E-001   3.792E-002   4.598E-008
 1.50   9.646E-001   3.540E-002   3.396E-008
 1.45   9.671E-001   3.292E-002   2.463E-008
 1.40   9.695E-001   3.047E-002   1.752E-008
 1.35   9.719E-001   2.805E-002   1.220E-008
 1.30   9.743E-001   2.568E-002   8.295E-009
 1.25   9.766E-001   2.337E-002   5.493E-009
 1.20   9.789E-001   2.112E-002   3.535E-009
 1.15   9.811E-001   1.895E-002   2.207E-009
 1.10   9.831E-001   1.687E-002   1.334E-009
 1.05   9.851E-001   1.490E-002   7.801E-010
 1.00   9.869E-001   1.305E-002   4.398E-010
 0.95   9.887E-001   1.131E-002   2.362E-010
