 9.00   0.000E+000   0.000E+000   0.000E+000   0.000E+000   0.000E+000   0.000E+000   0.000E+000   0.000E+000   6.290E-017   3.185E-012   5.756E-008   3.526E-004   9.996E-001
 8.99   4.819E-069   8.900E-061   6.470E-053   1.010E-045   4.614E-039   5.385E-033   2.568E-027   5.795E-022   6.967E-017   3.495E-012   6.152E-008   3.641E-004   9.996E-001
 8.98   6.647E-069   1.197E-060   8.498E-053   1.293E-045   5.761E-039   6.552E-033   3.045E-027   6.697E-022   7.846E-017   3.834E-012   6.575E-008   3.759E-004   9.996E-001
 8.97   9.170E-069   1.611E-060   1.116E-052   1.657E-045   7.193E-039   7.972E-033   3.611E-027   7.739E-022   8.836E-017   4.206E-012   7.026E-008   3.881E-004   9.996E-001
 8.96   1.265E-068   2.167E-060   1.466E-052   2.122E-045   8.981E-039   9.700E-033   4.282E-027   8.943E-022   9.949E-017   4.614E-012   7.508E-008   4.007E-004   9.996E-001
 8.95   1.745E-068   2.914E-060   1.926E-052   2.718E-045   1.121E-038   1.180E-032   5.077E-027   1.033E-021   1.120E-016   5.061E-012   8.023E-008   4.136E-004   9.996E-001
 8.94   2.406E-068   3.919E-060   2.529E-052   3.480E-045   1.400E-038   1.436E-032   6.018E-027   1.194E-021   1.261E-016   5.550E-012   8.572E-008   4.269E-004   9.996E-001
 8.93   3.316E-068   5.269E-060   3.320E-052   4.455E-045   1.746E-038   1.746E-032   7.134E-027   1.379E-021   1.420E-016   6.086E-012   9.157E-008   4.407E-004   9.996E-001
 8.92   4.570E-068   7.082E-060   4.357E-052   5.702E-045   2.179E-038   2.123E-032   8.455E-027   1.593E-021   1.598E-016   6.673E-012   9.782E-008   4.548E-004   9.995E-001
 8.91   6.298E-068   9.517E-060   5.718E-052   7.298E-045   2.718E-038   2.582E-032   1.002E-026   1.840E-021   1.799E-016   7.316E-012   1.045E-007   4.694E-004   9.995E-001
 8.90   8.677E-068   1.279E-059   7.504E-052   9.338E-045   3.391E-038   3.139E-032   1.187E-026   2.124E-021   2.024E-016   8.020E-012   1.116E-007   4.844E-004   9.995E-001
 8.89   1.195E-067   1.719E-059   9.848E-052   1.195E-044   4.230E-038   3.816E-032   1.406E-026   2.453E-021   2.277E-016   8.791E-012   1.192E-007   4.999E-004   9.995E-001
 8.88   1.647E-067   2.309E-059   1.292E-051   1.529E-044   5.276E-038   4.638E-032   1.666E-026   2.831E-021   2.562E-016   9.635E-012   1.272E-007   5.158E-004   9.995E-001
 8.87   2.269E-067   3.103E-059   1.695E-051   1.956E-044   6.580E-038   5.636E-032   1.973E-026   3.268E-021   2.882E-016   1.056E-011   1.358E-007   5.322E-004   9.995E-001
 8.86   3.125E-067   4.168E-059   2.224E-051   2.502E-044   8.205E-038   6.849E-032   2.337E-026   3.772E-021   3.242E-016   1.157E-011   1.450E-007   5.490E-004   9.995E-001
 8.85   4.303E-067   5.598E-059   2.918E-051   3.201E-044   1.023E-037   8.322E-032   2.767E-026   4.353E-021   3.645E-016   1.267E-011   1.547E-007   5.663E-004   9.994E-001
 8.84   5.925E-067   7.517E-059   3.826E-051   4.093E-044   1.275E-037   1.011E-031   3.276E-026   5.022E-021   4.099E-016   1.388E-011   1.651E-007   5.842E-004   9.994E-001
 8.83   8.157E-067   1.009E-058   5.017E-051   5.233E-044   1.590E-037   1.228E-031   3.878E-026   5.794E-021   4.608E-016   1.520E-011   1.761E-007   6.025E-004   9.994E-001
 8.82   1.123E-066   1.355E-058   6.578E-051   6.691E-044   1.981E-037   1.492E-031   4.590E-026   6.683E-021   5.180E-016   1.665E-011   1.879E-007   6.213E-004   9.994E-001
 8.81   1.545E-066   1.818E-058   8.623E-051   8.553E-044   2.469E-037   1.811E-031   5.432E-026   7.708E-021   5.823E-016   1.823E-011   2.004E-007   6.407E-004   9.994E-001
 8.80   2.126E-066   2.440E-058   1.130E-050   1.093E-043   3.076E-037   2.200E-031   6.429E-026   8.890E-021   6.544E-016   1.996E-011   2.137E-007   6.606E-004   9.993E-001
 8.79   2.926E-066   3.275E-058   1.481E-050   1.397E-043   3.832E-037   2.671E-031   7.608E-026   1.025E-020   7.355E-016   2.185E-011   2.279E-007   6.810E-004   9.993E-001
 8.78   4.025E-066   4.394E-058   1.941E-050   1.785E-043   4.774E-037   3.242E-031   9.002E-026   1.182E-020   8.264E-016   2.392E-011   2.430E-007   7.021E-004   9.993E-001
 8.77   5.536E-066   5.895E-058   2.544E-050   2.281E-043   5.946E-037   3.936E-031   1.065E-025   1.363E-020   9.285E-016   2.618E-011   2.590E-007   7.238E-004   9.993E-001
 8.76   7.614E-066   7.908E-058   3.333E-050   2.914E-043   7.404E-037   4.776E-031   1.260E-025   1.571E-020   1.043E-015   2.864E-011   2.761E-007   7.460E-004   9.993E-001
 8.75   1.047E-065   1.061E-057   4.366E-050   3.722E-043   9.220E-037   5.796E-031   1.490E-025   1.811E-020   1.171E-015   3.133E-011   2.942E-007   7.689E-004   9.992E-001
 8.74   1.440E-065   1.422E-057   5.719E-050   4.754E-043   1.148E-036   7.032E-031   1.762E-025   2.086E-020   1.315E-015   3.427E-011   3.135E-007   7.924E-004   9.992E-001
 8.73   1.979E-065   1.907E-057   7.491E-050   6.071E-043   1.429E-036   8.530E-031   2.083E-025   2.403E-020   1.476E-015   3.748E-011   3.339E-007   8.166E-004   9.992E-001
 8.72   2.721E-065   2.557E-057   9.811E-050   7.752E-043   1.779E-036   1.035E-030   2.462E-025   2.768E-020   1.657E-015   4.098E-011   3.557E-007   8.414E-004   9.992E-001
 8.71   3.740E-065   3.429E-057   1.285E-049   9.899E-043   2.214E-036   1.255E-030   2.910E-025   3.189E-020   1.860E-015   4.480E-011   3.788E-007   8.670E-004   9.991E-001
 8.70   5.141E-065   4.597E-057   1.683E-049   1.264E-042   2.756E-036   1.522E-030   3.439E-025   3.673E-020   2.087E-015   4.898E-011   4.034E-007   8.933E-004   9.991E-001
 8.69   7.068E-065   6.164E-057   2.204E-049   1.614E-042   3.430E-036   1.847E-030   4.066E-025   4.231E-020   2.343E-015   5.355E-011   4.296E-007   9.203E-004   9.991E-001
 8.68   9.717E-065   8.265E-057   2.887E-049   2.061E-042   4.270E-036   2.241E-030   4.806E-025   4.873E-020   2.630E-015   5.854E-011   4.574E-007   9.482E-004   9.991E-001
 8.67   1.336E-064   1.108E-056   3.781E-049   2.632E-042   5.316E-036   2.718E-030   5.681E-025   5.614E-020   2.952E-015   6.400E-011   4.870E-007   9.768E-004   9.990E-001
 8.66   1.836E-064   1.486E-056   4.952E-049   3.362E-042   6.617E-036   3.297E-030   6.716E-025   6.466E-020   3.313E-015   6.996E-011   5.184E-007   1.006E-003   9.990E-001
 8.65   2.524E-064   1.992E-056   6.485E-049   4.292E-042   8.236E-036   3.999E-030   7.937E-025   7.446E-020   3.717E-015   7.646E-011   5.517E-007   1.036E-003   9.990E-001
 8.64   3.469E-064   2.670E-056   8.492E-049   5.480E-042   1.025E-035   4.850E-030   9.379E-025   8.573E-020   4.170E-015   8.354E-011   5.872E-007   1.067E-003   9.989E-001
 8.63   4.769E-064   3.579E-056   1.112E-048   6.996E-042   1.275E-035   5.880E-030   1.108E-024   9.870E-020   4.677E-015   9.127E-011   6.248E-007   1.099E-003   9.989E-001
 8.62   6.554E-064   4.797E-056   1.456E-048   8.931E-042   1.587E-035   7.130E-030   1.309E-024   1.136E-019   5.246E-015   9.970E-011   6.648E-007   1.132E-003   9.989E-001
 8.61   9.008E-064   6.430E-056   1.906E-048   1.140E-041   1.975E-035   8.644E-030   1.547E-024   1.308E-019   5.883E-015   1.089E-010   7.072E-007   1.166E-003   9.988E-001
 8.60   1.238E-063   8.620E-056   2.496E-048   1.455E-041   2.457E-035   1.048E-029   1.827E-024   1.505E-019   6.597E-015   1.189E-010   7.523E-007   1.200E-003   9.988E-001
 8.59   1.702E-063   1.156E-055   3.269E-048   1.858E-041   3.057E-035   1.271E-029   2.158E-024   1.732E-019   7.398E-015   1.299E-010   8.002E-007   1.236E-003   9.988E-001
 8.58   2.340E-063   1.550E-055   4.281E-048   2.372E-041   3.805E-035   1.541E-029   2.550E-024   1.994E-019   8.297E-015   1.419E-010   8.510E-007   1.272E-003   9.987E-001
 8.57   3.217E-063   2.078E-055   5.607E-048   3.029E-041   4.735E-035   1.869E-029   3.012E-024   2.295E-019   9.304E-015   1.549E-010   9.050E-007   1.309E-003   9.987E-001
 8.56   4.422E-063   2.786E-055   7.345E-048   3.867E-041   5.893E-035   2.266E-029   3.559E-024   2.642E-019   1.043E-014   1.692E-010   9.624E-007   1.348E-003   9.987E-001
 8.55   6.080E-063   3.736E-055   9.622E-048   4.939E-041   7.336E-035   2.749E-029   4.205E-024   3.041E-019   1.170E-014   1.848E-010   1.023E-006   1.388E-003   9.986E-001
 8.54   8.358E-063   5.009E-055   1.261E-047   6.308E-041   9.132E-035   3.334E-029   4.970E-024   3.501E-019   1.313E-014   2.018E-010   1.088E-006   1.428E-003   9.986E-001
 8.53   1.149E-062   6.717E-055   1.652E-047   8.057E-041   1.137E-034   4.044E-029   5.874E-024   4.031E-019   1.472E-014   2.204E-010   1.157E-006   1.470E-003   9.985E-001
 8.52   1.580E-062   9.008E-055   2.164E-047   1.029E-040   1.415E-034   4.906E-029   6.942E-024   4.641E-019   1.651E-014   2.407E-010   1.230E-006   1.514E-003   9.985E-001
 8.51   2.172E-062   1.208E-054   2.836E-047   1.315E-040   1.762E-034   5.951E-029   8.204E-024   5.343E-019   1.852E-014   2.628E-010   1.308E-006   1.558E-003   9.984E-001
 8.50   2.987E-062   1.620E-054   3.717E-047   1.679E-040   2.194E-034   7.218E-029   9.696E-024   6.151E-019   2.076E-014   2.870E-010   1.390E-006   1.603E-003   9.984E-001
 8.49   4.109E-062   2.173E-054   4.871E-047   2.145E-040   2.731E-034   8.756E-029   1.146E-023   7.080E-019   2.328E-014   3.133E-010   1.478E-006   1.650E-003   9.983E-001
 8.48   5.652E-062   2.916E-054   6.384E-047   2.741E-040   3.401E-034   1.062E-028   1.354E-023   8.149E-019   2.610E-014   3.420E-010   1.571E-006   1.698E-003   9.983E-001
 8.47   7.776E-062   3.913E-054   8.367E-047   3.502E-040   4.234E-034   1.288E-028   1.600E-023   9.379E-019   2.927E-014   3.734E-010   1.669E-006   1.748E-003   9.983E-001
 8.46   1.070E-061   5.250E-054   1.097E-046   4.474E-040   5.272E-034   1.563E-028   1.890E-023   1.080E-018   3.282E-014   4.076E-010   1.774E-006   1.799E-003   9.982E-001
 8.45   1.472E-061   7.046E-054   1.438E-046   5.717E-040   6.565E-034   1.896E-028   2.234E-023   1.243E-018   3.680E-014   4.450E-010   1.886E-006   1.851E-003   9.981E-001
 8.44   2.026E-061   9.456E-054   1.885E-046   7.306E-040   8.177E-034   2.301E-028   2.641E-023   1.431E-018   4.127E-014   4.858E-010   2.004E-006   1.905E-003   9.981E-001
 8.43   2.788E-061   1.269E-053   2.472E-046   9.339E-040   1.019E-033   2.792E-028   3.122E-023   1.648E-018   4.628E-014   5.305E-010   2.130E-006   1.960E-003   9.980E-001
 8.42   3.838E-061   1.704E-053   3.242E-046   1.194E-039   1.269E-033   3.388E-028   3.691E-023   1.897E-018   5.191E-014   5.793E-010   2.264E-006   2.017E-003   9.980E-001
 8.41   5.283E-061   2.287E-053   4.253E-046   1.526E-039   1.581E-033   4.113E-028   4.364E-023   2.185E-018   5.822E-014   6.325E-010   2.407E-006   2.076E-003   9.979E-001
 8.40   7.274E-061   3.071E-053   5.579E-046   1.952E-039   1.970E-033   4.992E-028   5.160E-023   2.516E-018   6.530E-014   6.906E-010   2.558E-006   2.136E-003   9.979E-001
 8.39   1.002E-060   4.125E-053   7.321E-046   2.496E-039   2.455E-033   6.061E-028   6.101E-023   2.897E-018   7.323E-014   7.539E-010   2.718E-006   2.198E-003   9.978E-001
 8.38   1.379E-060   5.541E-053   9.608E-046   3.193E-039   3.060E-033   7.358E-028   7.214E-023   3.336E-018   8.212E-014   8.230E-010   2.888E-006   2.261E-003   9.977E-001
 8.37   1.900E-060   7.445E-053   1.261E-045   4.084E-039   3.815E-033   8.934E-028   8.531E-023   3.841E-018   9.209E-014   8.983E-010   3.069E-006   2.326E-003   9.977E-001
 8.36   2.618E-060   1.001E-052   1.656E-045   5.226E-039   4.756E-033   1.085E-027   1.009E-022   4.423E-018   1.033E-013   9.807E-010   3.261E-006   2.394E-003   9.976E-001
 8.35   3.608E-060   1.345E-052   2.174E-045   6.687E-039   5.930E-033   1.318E-027   1.193E-022   5.095E-018   1.158E-013   1.071E-009   3.465E-006   2.463E-003   9.975E-001
 8.34   4.973E-060   1.808E-052   2.855E-045   8.558E-039   7.395E-033   1.600E-027   1.412E-022   5.869E-018   1.299E-013   1.169E-009   3.682E-006   2.534E-003   9.975E-001
 8.33   6.857E-060   2.431E-052   3.750E-045   1.096E-038   9.224E-033   1.944E-027   1.671E-022   6.761E-018   1.458E-013   1.277E-009   3.913E-006   2.607E-003   9.974E-001
 8.32   9.456E-060   3.270E-052   4.928E-045   1.403E-038   1.151E-032   2.363E-027   1.977E-022   7.791E-018   1.636E-013   1.394E-009   4.159E-006   2.683E-003   9.973E-001
 8.31   1.304E-059   4.399E-052   6.476E-045   1.796E-038   1.436E-032   2.871E-027   2.340E-022   8.979E-018   1.836E-013   1.523E-009   4.420E-006   2.761E-003   9.972E-001
 8.30   1.800E-059   5.919E-052   8.513E-045   2.301E-038   1.792E-032   3.490E-027   2.770E-022   1.035E-017   2.060E-013   1.663E-009   4.698E-006   2.841E-003   9.972E-001
 8.29   2.484E-059   7.967E-052   1.119E-044   2.949E-038   2.237E-032   4.244E-027   3.279E-022   1.193E-017   2.312E-013   1.816E-009   4.993E-006   2.923E-003   9.971E-001
 8.28   3.428E-059   1.072E-051   1.472E-044   3.779E-038   2.794E-032   5.161E-027   3.883E-022   1.375E-017   2.595E-013   1.984E-009   5.307E-006   3.008E-003   9.970E-001
 8.27   4.733E-059   1.444E-051   1.937E-044   4.844E-038   3.489E-032   6.277E-027   4.599E-022   1.585E-017   2.912E-013   2.167E-009   5.641E-006   3.095E-003   9.969E-001
 8.26   6.536E-059   1.945E-051   2.548E-044   6.211E-038   4.358E-032   7.635E-027   5.446E-022   1.827E-017   3.269E-013   2.367E-009   5.996E-006   3.185E-003   9.968E-001
 8.25   9.027E-059   2.620E-051   3.353E-044   7.963E-038   5.444E-032   9.289E-027   6.451E-022   2.107E-017   3.670E-013   2.586E-009   6.373E-006   3.277E-003   9.967E-001
 8.24   1.247E-058   3.529E-051   4.414E-044   1.021E-037   6.800E-032   1.130E-026   7.642E-022   2.430E-017   4.120E-013   2.825E-009   6.775E-006   3.372E-003   9.966E-001
 8.23   1.723E-058   4.755E-051   5.810E-044   1.310E-037   8.497E-032   1.375E-026   9.053E-022   2.802E-017   4.626E-013   3.086E-009   7.202E-006   3.470E-003   9.965E-001
 8.22   2.380E-058   6.409E-051   7.650E-044   1.680E-037   1.062E-031   1.673E-026   1.073E-021   3.232E-017   5.194E-013   3.372E-009   7.656E-006   3.571E-003   9.964E-001
 8.21   3.290E-058   8.639E-051   1.007E-043   2.155E-037   1.327E-031   2.036E-026   1.271E-021   3.728E-017   5.833E-013   3.685E-009   8.140E-006   3.675E-003   9.963E-001
 8.20   4.548E-058   1.165E-050   1.327E-043   2.766E-037   1.659E-031   2.479E-026   1.506E-021   4.301E-017   6.551E-013   4.027E-009   8.654E-006   3.782E-003   9.962E-001
 8.19   6.289E-058   1.571E-050   1.748E-043   3.551E-037   2.074E-031   3.018E-026   1.786E-021   4.962E-017   7.358E-013   4.401E-009   9.203E-006   3.892E-003   9.961E-001
 8.18   8.699E-058   2.119E-050   2.304E-043   4.559E-037   2.594E-031   3.675E-026   2.117E-021   5.726E-017   8.266E-013   4.810E-009   9.787E-006   4.006E-003   9.960E-001
 8.17   1.204E-057   2.860E-050   3.037E-043   5.856E-037   3.246E-031   4.477E-026   2.511E-021   6.609E-017   9.286E-013   5.258E-009   1.041E-005   4.123E-003   9.959E-001
 8.16   1.666E-057   3.862E-050   4.005E-043   7.524E-037   4.062E-031   5.456E-026   2.978E-021   7.630E-017   1.043E-012   5.749E-009   1.107E-005   4.244E-003   9.957E-001
 8.15   2.307E-057   5.215E-050   5.285E-043   9.671E-037   5.086E-031   6.650E-026   3.533E-021   8.809E-017   1.173E-012   6.285E-009   1.178E-005   4.369E-003   9.956E-001
 8.14   3.197E-057   7.047E-050   6.976E-043   1.244E-036   6.369E-031   8.109E-026   4.193E-021   1.017E-016   1.318E-012   6.873E-009   1.253E-005   4.497E-003   9.955E-001
 8.13   4.431E-057   9.525E-050   9.211E-043   1.600E-036   7.979E-031   9.890E-026   4.978E-021   1.175E-016   1.481E-012   7.516E-009   1.333E-005   4.630E-003   9.954E-001
 8.12   6.144E-057   1.288E-049   1.217E-042   2.058E-036   9.999E-031   1.207E-025   5.910E-021   1.357E-016   1.666E-012   8.220E-009   1.418E-005   4.767E-003   9.952E-001
 8.11   8.522E-057   1.742E-049   1.608E-042   2.649E-036   1.253E-030   1.472E-025   7.019E-021   1.568E-016   1.873E-012   8.991E-009   1.509E-005   4.908E-003   9.951E-001
 8.10   1.182E-056   2.357E-049   2.125E-042   3.410E-036   1.571E-030   1.797E-025   8.337E-021   1.812E-016   2.106E-012   9.836E-009   1.606E-005   5.053E-003   9.949E-001
 8.09   1.641E-056   3.191E-049   2.810E-042   4.391E-036   1.970E-030   2.194E-025   9.904E-021   2.094E-016   2.369E-012   1.076E-008   1.710E-005   5.203E-003   9.948E-001
 8.08   2.278E-056   4.320E-049   3.716E-042   5.656E-036   2.471E-030   2.678E-025   1.177E-020   2.421E-016   2.665E-012   1.178E-008   1.820E-005   5.358E-003   9.946E-001
 8.07   3.164E-056   5.851E-049   4.915E-042   7.287E-036   3.101E-030   3.270E-025   1.399E-020   2.800E-016   2.999E-012   1.289E-008   1.938E-005   5.518E-003   9.945E-001
 8.06   4.396E-056   7.928E-049   6.505E-042   9.392E-036   3.891E-030   3.995E-025   1.663E-020   3.238E-016   3.375E-012   1.411E-008   2.064E-005   5.683E-003   9.943E-001
 8.05   6.109E-056   1.075E-048   8.612E-042   1.211E-035   4.885E-030   4.881E-025   1.977E-020   3.745E-016   3.799E-012   1.545E-008   2.198E-005   5.853E-003   9.941E-001
 8.04   8.495E-056   1.457E-048   1.141E-041   1.562E-035   6.135E-030   5.966E-025   2.351E-020   4.333E-016   4.276E-012   1.692E-008   2.341E-005   6.029E-003   9.939E-001
 8.03   1.182E-055   1.977E-048   1.511E-041   2.015E-035   7.707E-030   7.296E-025   2.797E-020   5.014E-016   4.815E-012   1.853E-008   2.494E-005   6.211E-003   9.938E-001
 8.02   1.644E-055   2.683E-048   2.003E-041   2.601E-035   9.687E-030   8.924E-025   3.329E-020   5.804E-016   5.423E-012   2.029E-008   2.657E-005   6.399E-003   9.936E-001
 8.01   2.289E-055   3.642E-048   2.657E-041   3.359E-035   1.218E-029   1.092E-024   3.963E-020   6.720E-016   6.109E-012   2.224E-008   2.832E-005   6.594E-003   9.934E-001
 8.00   3.188E-055   4.947E-048   3.525E-041   4.339E-035   1.532E-029   1.337E-024   4.719E-020   7.783E-016   6.883E-012   2.437E-008   3.019E-005   6.795E-003   9.932E-001
 7.99   4.441E-055   6.722E-048   4.678E-041   5.608E-035   1.927E-029   1.637E-024   5.622E-020   9.017E-016   7.758E-012   2.671E-008   3.219E-005   7.003E-003   9.930E-001
 7.98   6.190E-055   9.137E-048   6.210E-041   7.251E-035   2.426E-029   2.005E-024   6.699E-020   1.045E-015   8.746E-012   2.929E-008   3.432E-005   7.219E-003   9.927E-001
 7.97   8.631E-055   1.243E-047   8.249E-041   9.379E-035   3.055E-029   2.456E-024   7.986E-020   1.211E-015   9.863E-012   3.212E-008   3.661E-005   7.442E-003   9.925E-001
 7.96   1.204E-054   1.691E-047   1.096E-040   1.214E-034   3.848E-029   3.011E-024   9.522E-020   1.404E-015   1.112E-011   3.523E-008   3.905E-005   7.673E-003   9.923E-001
 7.95   1.681E-054   2.302E-047   1.457E-040   1.571E-034   4.849E-029   3.692E-024   1.136E-019   1.628E-015   1.255E-011   3.865E-008   4.167E-005   7.911E-003   9.920E-001
 7.94   2.348E-054   3.135E-047   1.939E-040   2.035E-034   6.113E-029   4.528E-024   1.355E-019   1.889E-015   1.416E-011   4.240E-008   4.447E-005   8.157E-003   9.918E-001
 7.93   3.281E-054   4.273E-047   2.580E-040   2.637E-034   7.710E-029   5.556E-024   1.617E-019   2.191E-015   1.598E-011   4.653E-008   4.746E-005   8.411E-003   9.915E-001
 7.92   4.588E-054   5.827E-047   3.435E-040   3.418E-034   9.727E-029   6.819E-024   1.930E-019   2.543E-015   1.803E-011   5.107E-008   5.067E-005   8.675E-003   9.913E-001
 7.91   6.419E-054   7.950E-047   4.577E-040   4.432E-034   1.228E-028   8.373E-024   2.304E-019   2.951E-015   2.036E-011   5.607E-008   5.410E-005   8.947E-003   9.910E-001
 7.90   8.985E-054   1.085E-046   6.100E-040   5.750E-034   1.550E-028   1.028E-023   2.752E-019   3.427E-015   2.299E-011   6.157E-008   5.778E-005   9.231E-003   9.907E-001
 7.89   1.258E-053   1.482E-046   8.134E-040   7.463E-034   1.958E-028   1.264E-023   3.289E-019   3.981E-015   2.597E-011   6.764E-008   6.174E-005   9.525E-003   9.904E-001
 7.88   1.762E-053   2.024E-046   1.085E-039   9.691E-034   2.474E-028   1.554E-023   3.932E-019   4.626E-015   2.935E-011   7.433E-008   6.598E-005   9.830E-003   9.901E-001
 7.87   2.470E-053   2.767E-046   1.448E-039   1.259E-033   3.128E-028   1.911E-023   4.702E-019   5.377E-015   3.318E-011   8.170E-008   7.054E-005   1.015E-002   9.898E-001
 7.86   3.463E-053   3.783E-046   1.934E-039   1.636E-033   3.957E-028   2.350E-023   5.625E-019   6.251E-015   3.752E-011   8.982E-008   7.543E-005   1.048E-002   9.894E-001
 7.85   4.859E-053   5.176E-046   2.584E-039   2.128E-033   5.007E-028   2.893E-023   6.731E-019   7.271E-015   4.243E-011   9.878E-008   8.068E-005   1.082E-002   9.891E-001
 7.84   6.820E-053   7.085E-046   3.453E-039   2.769E-033   6.338E-028   3.562E-023   8.058E-019   8.459E-015   4.800E-011   1.087E-007   8.631E-005   1.117E-002   9.887E-001
 7.83   9.578E-053   9.704E-046   4.618E-039   3.604E-033   8.027E-028   4.387E-023   9.648E-019   9.844E-015   5.432E-011   1.195E-007   9.237E-005   1.154E-002   9.884E-001
 7.82   1.346E-052   1.330E-045   6.178E-039   4.693E-033   1.017E-027   5.406E-023   1.156E-018   1.146E-014   6.149E-011   1.316E-007   9.887E-005   1.191E-002   9.880E-001
 7.81   1.893E-052   1.824E-045   8.271E-039   6.114E-033   1.289E-027   6.664E-023   1.385E-018   1.334E-014   6.962E-011   1.448E-007   1.059E-004   1.231E-002   9.876E-001
 7.80   2.663E-052   2.502E-045   1.108E-038   7.970E-033   1.635E-027   8.219E-023   1.660E-018   1.554E-014   7.885E-011   1.594E-007   1.134E-004   1.272E-002   9.872E-001
 7.79   3.749E-052   3.435E-045   1.485E-038   1.040E-032   2.075E-027   1.014E-022   1.991E-018   1.811E-014   8.933E-011   1.756E-007   1.214E-004   1.314E-002   9.867E-001
 7.78   5.283E-052   4.720E-045   1.992E-038   1.357E-032   2.634E-027   1.252E-022   2.389E-018   2.112E-014   1.012E-010   1.935E-007   1.301E-004   1.358E-002   9.863E-001
 7.77   7.449E-052   6.490E-045   2.674E-038   1.771E-032   3.345E-027   1.546E-022   2.868E-018   2.463E-014   1.148E-010   2.133E-007   1.395E-004   1.404E-002   9.858E-001
 7.76   1.051E-051   8.929E-045   3.592E-038   2.315E-032   4.252E-027   1.911E-022   3.445E-018   2.873E-014   1.302E-010   2.351E-007   1.496E-004   1.451E-002   9.853E-001
 7.75   1.484E-051   1.229E-044   4.828E-038   3.026E-032   5.407E-027   2.362E-022   4.140E-018   3.354E-014   1.477E-010   2.594E-007   1.605E-004   1.501E-002   9.848E-001
 7.74   2.097E-051   1.694E-044   6.493E-038   3.960E-032   6.881E-027   2.923E-022   4.977E-018   3.916E-014   1.677E-010   2.862E-007   1.722E-004   1.553E-002   9.843E-001
 7.73   2.964E-051   2.336E-044   8.738E-038   5.185E-032   8.763E-027   3.618E-022   5.987E-018   4.575E-014   1.904E-010   3.159E-007   1.849E-004   1.607E-002   9.837E-001
 7.72   4.194E-051   3.223E-044   1.177E-037   6.792E-032   1.116E-026   4.481E-022   7.205E-018   5.347E-014   2.163E-010   3.489E-007   1.987E-004   1.663E-002   9.832E-001
 7.71   5.938E-051   4.449E-044   1.586E-037   8.903E-032   1.423E-026   5.553E-022   8.674E-018   6.251E-014   2.458E-010   3.854E-007   2.135E-004   1.722E-002   9.826E-001
 7.70   8.411E-051   6.146E-044   2.138E-037   1.168E-031   1.815E-026   6.884E-022   1.045E-017   7.311E-014   2.793E-010   4.258E-007   2.294E-004   1.783E-002   9.819E-001
 7.69   1.192E-050   8.495E-044   2.884E-037   1.532E-031   2.316E-026   8.537E-022   1.259E-017   8.553E-014   3.176E-010   4.706E-007   2.467E-004   1.846E-002   9.813E-001
 7.68   1.691E-050   1.175E-043   3.893E-037   2.012E-031   2.957E-026   1.059E-021   1.517E-017   1.001E-013   3.612E-010   5.202E-007   2.653E-004   1.912E-002   9.806E-001
 7.67   2.399E-050   1.626E-043   5.258E-037   2.642E-031   3.776E-026   1.315E-021   1.830E-017   1.172E-013   4.110E-010   5.753E-007   2.854E-004   1.980E-002   9.799E-001
 7.66   3.408E-050   2.252E-043   7.107E-037   3.473E-031   4.826E-026   1.633E-021   2.208E-017   1.373E-013   4.678E-010   6.365E-007   3.072E-004   2.052E-002   9.792E-001
 7.65   4.843E-050   3.121E-043   9.613E-037   4.569E-031   6.172E-026   2.029E-021   2.665E-017   1.609E-013   5.326E-010   7.045E-007   3.308E-004   2.127E-002   9.784E-001
 7.64   6.890E-050   4.329E-043   1.301E-036   6.014E-031   7.898E-026   2.523E-021   3.219E-017   1.886E-013   6.069E-010   7.801E-007   3.564E-004   2.205E-002   9.776E-001
 7.63   9.810E-050   6.010E-043   1.763E-036   7.923E-031   1.012E-025   3.140E-021   3.890E-017   2.213E-013   6.918E-010   8.644E-007   3.842E-004   2.287E-002   9.767E-001
 7.62   1.398E-049   8.350E-043   2.390E-036   1.045E-030   1.296E-025   3.910E-021   4.704E-017   2.598E-013   7.889E-010   9.581E-007   4.143E-004   2.373E-002   9.759E-001
 7.61   1.994E-049   1.161E-042   3.243E-036   1.378E-030   1.662E-025   4.872E-021   5.692E-017   3.051E-013   9.002E-010   1.063E-006   4.470E-004   2.462E-002   9.749E-001
 7.60   2.846E-049   1.616E-042   4.404E-036   1.820E-030   2.134E-025   6.075E-021   6.891E-017   3.585E-013   1.027E-009   1.179E-006   4.826E-004   2.556E-002   9.740E-001
 7.59   4.065E-049   2.251E-042   5.986E-036   2.404E-030   2.740E-025   7.579E-021   8.348E-017   4.214E-013   1.173E-009   1.308E-006   5.211E-004   2.654E-002   9.729E-001
 7.58   5.810E-049   3.138E-042   8.142E-036   3.179E-030   3.521E-025   9.462E-021   1.012E-016   4.956E-013   1.340E-009   1.453E-006   5.630E-004   2.756E-002   9.719E-001
 7.57   8.313E-049   4.377E-042   1.108E-035   4.207E-030   4.528E-025   1.182E-020   1.227E-016   5.831E-013   1.532E-009   1.613E-006   6.085E-004   2.863E-002   9.708E-001
 7.56   1.190E-048   6.112E-042   1.510E-035   5.570E-030   5.826E-025   1.477E-020   1.489E-016   6.863E-013   1.751E-009   1.793E-006   6.580E-004   2.975E-002   9.696E-001
 7.55   1.705E-048   8.539E-042   2.058E-035   7.380E-030   7.501E-025   1.847E-020   1.808E-016   8.082E-013   2.003E-009   1.993E-006   7.119E-004   3.092E-002   9.684E-001
 7.54   2.446E-048   1.194E-041   2.807E-035   9.784E-030   9.665E-025   2.311E-020   2.196E-016   9.523E-013   2.292E-009   2.216E-006   7.706E-004   3.214E-002   9.671E-001
 7.53   3.510E-048   1.671E-041   3.833E-035   1.298E-029   1.246E-024   2.894E-020   2.668E-016   1.123E-012   2.623E-009   2.466E-006   8.344E-004   3.343E-002   9.657E-001
 7.52   5.043E-048   2.341E-041   5.237E-035   1.723E-029   1.607E-024   3.625E-020   3.244E-016   1.324E-012   3.005E-009   2.745E-006   9.041E-004   3.477E-002   9.643E-001
 7.51   7.250E-048   3.281E-041   7.161E-035   2.290E-029   2.075E-024   4.545E-020   3.947E-016   1.562E-012   3.443E-009   3.056E-006   9.801E-004   3.618E-002   9.628E-001
 7.50   1.044E-047   4.605E-041   9.801E-035   3.046E-029   2.681E-024   5.701E-020   4.804E-016   1.845E-012   3.947E-009   3.405E-006   1.063E-003   3.766E-002   9.613E-001
 7.49   1.503E-047   6.468E-041   1.343E-034   4.054E-029   3.467E-024   7.157E-020   5.852E-016   2.179E-012   4.527E-009   3.795E-006   1.154E-003   3.922E-002   9.596E-001
 7.48   2.168E-047   9.095E-041   1.842E-034   5.402E-029   4.486E-024   8.991E-020   7.133E-016   2.576E-012   5.194E-009   4.232E-006   1.253E-003   4.085E-002   9.579E-001
 7.47   3.130E-047   1.280E-040   2.528E-034   7.203E-029   5.810E-024   1.130E-019   8.701E-016   3.046E-012   5.964E-009   4.722E-006   1.361E-003   4.256E-002   9.561E-001
 7.46   4.522E-047   1.803E-040   3.473E-034   9.614E-029   7.530E-024   1.422E-019   1.062E-015   3.604E-012   6.850E-009   5.271E-006   1.480E-003   4.436E-002   9.542E-001
 7.45   6.539E-047   2.542E-040   4.776E-034   1.284E-028   9.766E-024   1.790E-019   1.297E-015   4.267E-012   7.872E-009   5.886E-006   1.610E-003   4.625E-002   9.521E-001
 7.44   9.464E-047   3.588E-040   6.573E-034   1.717E-028   1.268E-023   2.256E-019   1.585E-015   5.055E-012   9.052E-009   6.578E-006   1.752E-003   4.824E-002   9.500E-001
 7.43   1.371E-046   5.068E-040   9.053E-034   2.297E-028   1.647E-023   2.844E-019   1.939E-015   5.992E-012   1.041E-008   7.354E-006   1.908E-003   5.033E-002   9.478E-001
 7.42   1.988E-046   7.165E-040   1.248E-033   3.075E-028   2.141E-023   3.589E-019   2.373E-015   7.107E-012   1.199E-008   8.226E-006   2.079E-003   5.252E-002   9.454E-001
 7.41   2.886E-046   1.014E-039   1.723E-033   4.122E-028   2.787E-023   4.532E-019   2.906E-015   8.435E-012   1.381E-008   9.207E-006   2.267E-003   5.484E-002   9.429E-001
 7.40   4.193E-046   1.437E-039   2.380E-033   5.529E-028   3.630E-023   5.728E-019   3.562E-015   1.002E-011   1.591E-008   1.031E-005   2.474E-003   5.727E-002   9.402E-001
 7.39   6.100E-046   2.037E-039   3.291E-033   7.425E-028   4.732E-023   7.245E-019   4.369E-015   1.190E-011   1.835E-008   1.155E-005   2.701E-003   5.983E-002   9.375E-001
 7.38   8.883E-046   2.893E-039   4.556E-033   9.980E-028   6.173E-023   9.171E-019   5.362E-015   1.415E-011   2.116E-008   1.295E-005   2.950E-003   6.253E-002   9.345E-001
 7.37   1.295E-045   4.112E-039   6.313E-033   1.343E-027   8.061E-023   1.162E-018   6.586E-015   1.684E-011   2.443E-008   1.452E-005   3.225E-003   6.537E-002   9.314E-001
 7.36   1.890E-045   5.850E-039   8.756E-033   1.808E-027   1.053E-022   1.473E-018   8.094E-015   2.005E-011   2.821E-008   1.630E-005   3.527E-003   6.836E-002   9.281E-001
 7.35   2.760E-045   8.331E-039   1.216E-032   2.436E-027   1.378E-022   1.868E-018   9.952E-015   2.388E-011   3.259E-008   1.829E-005   3.859E-003   7.151E-002   9.246E-001
 7.34   4.035E-045   1.187E-038   1.689E-032   3.285E-027   1.803E-022   2.371E-018   1.224E-014   2.845E-011   3.767E-008   2.054E-005   4.226E-003   7.483E-002   9.209E-001
 7.33   5.905E-045   1.694E-038   2.348E-032   4.434E-027   2.361E-022   3.012E-018   1.507E-014   3.391E-011   4.355E-008   2.308E-005   4.630E-003   7.833E-002   9.170E-001
 7.32   8.650E-045   2.419E-038   3.269E-032   5.989E-027   3.094E-022   3.828E-018   1.857E-014   4.045E-011   5.038E-008   2.594E-005   5.075E-003   8.201E-002   9.129E-001
 7.31   1.268E-044   3.458E-038   4.554E-032   8.097E-027   4.059E-022   4.870E-018   2.289E-014   4.828E-011   5.830E-008   2.917E-005   5.567E-003   8.590E-002   9.085E-001
 7.30   1.862E-044   4.948E-038   6.352E-032   1.096E-026   5.330E-022   6.200E-018   2.823E-014   5.766E-011   6.752E-008   3.282E-005   6.111E-003   8.999E-002   9.039E-001
 7.29   2.736E-044   7.089E-038   8.869E-032   1.485E-026   7.006E-022   7.902E-018   3.486E-014   6.891E-011   7.824E-008   3.695E-005   6.712E-003   9.432E-002   8.989E-001
 7.28   4.025E-044   1.017E-037   1.240E-031   2.014E-026   9.218E-022   1.008E-017   4.308E-014   8.242E-011   9.071E-008   4.162E-005   7.378E-003   9.888E-002   8.937E-001
 7.27   5.928E-044   1.460E-037   1.735E-031   2.734E-026   1.214E-021   1.287E-017   5.327E-014   9.864E-011   1.052E-007   4.691E-005   8.114E-003   1.037E-001   8.882E-001
 7.26   8.740E-044   2.098E-037   2.430E-031   3.715E-026   1.600E-021   1.644E-017   6.592E-014   1.181E-010   1.221E-007   5.289E-005   8.930E-003   1.088E-001   8.823E-001
 7.25   1.290E-043   3.019E-037   3.408E-031   5.053E-026   2.110E-021   2.102E-017   8.162E-014   1.415E-010   1.418E-007   5.966E-005   9.833E-003   1.141E-001   8.760E-001
 7.24   1.906E-043   4.348E-037   4.783E-031   6.879E-026   2.786E-021   2.689E-017   1.011E-013   1.696E-010   1.647E-007   6.732E-005   1.083E-002   1.197E-001   8.694E-001
 7.23   2.819E-043   6.269E-037   6.719E-031   9.372E-026   3.680E-021   3.442E-017   1.254E-013   2.034E-010   1.914E-007   7.600E-005   1.194E-002   1.257E-001   8.623E-001
 7.22   4.174E-043   9.049E-037   9.449E-031   1.278E-025   4.866E-021   4.410E-017   1.555E-013   2.441E-010   2.226E-007   8.582E-005   1.317E-002   1.319E-001   8.548E-001
 7.21   6.187E-043   1.307E-036   1.330E-030   1.745E-025   6.439E-021   5.654E-017   1.931E-013   2.931E-010   2.588E-007   9.695E-005   1.454E-002   1.385E-001   8.469E-001
 7.20   9.181E-043   1.891E-036   1.875E-030   2.384E-025   8.529E-021   7.256E-017   2.398E-013   3.521E-010   3.012E-007   1.096E-004   1.606E-002   1.454E-001   8.384E-001
 7.19   1.364E-042   2.739E-036   2.645E-030   3.261E-025   1.131E-020   9.319E-017   2.982E-013   4.232E-010   3.507E-007   1.239E-004   1.774E-002   1.527E-001   8.295E-001
 7.18   2.029E-042   3.972E-036   3.737E-030   4.466E-025   1.501E-020   1.198E-016   3.710E-013   5.090E-010   4.085E-007   1.402E-004   1.961E-002   1.603E-001   8.199E-001
 7.17   3.020E-042   5.764E-036   5.283E-030   6.120E-025   1.993E-020   1.541E-016   4.618E-013   6.125E-010   4.759E-007   1.586E-004   2.169E-002   1.683E-001   8.098E-001
 7.16   4.500E-042   8.372E-036   7.475E-030   8.392E-025   2.648E-020   1.983E-016   5.751E-013   7.372E-010   5.546E-007   1.794E-004   2.400E-002   1.767E-001   7.991E-001
 7.15   6.710E-042   1.217E-035   1.058E-029   1.151E-024   3.521E-020   2.553E-016   7.164E-013   8.874E-010   6.462E-007   2.030E-004   2.655E-002   1.854E-001   7.878E-001
 7.14   1.001E-041   1.769E-035   1.499E-029   1.580E-024   4.681E-020   3.287E-016   8.923E-013   1.068E-009   7.529E-007   2.297E-004   2.938E-002   1.946E-001   7.758E-001
 7.13   1.494E-041   2.574E-035   2.124E-029   2.170E-024   6.227E-020   4.233E-016   1.112E-012   1.286E-009   8.771E-007   2.598E-004   3.252E-002   2.041E-001   7.631E-001
 7.12   2.231E-041   3.747E-035   3.011E-029   2.981E-024   8.286E-020   5.453E-016   1.385E-012   1.548E-009   1.022E-006   2.937E-004   3.599E-002   2.140E-001   7.497E-001
 7.11   3.334E-041   5.458E-035   4.272E-029   4.097E-024   1.103E-019   7.028E-016   1.726E-012   1.863E-009   1.190E-006   3.321E-004   3.984E-002   2.244E-001   7.355E-001
 7.10   4.988E-041   7.957E-035   6.065E-029   5.635E-024   1.469E-019   9.061E-016   2.152E-012   2.244E-009   1.386E-006   3.755E-004   4.410E-002   2.351E-001   7.205E-001
 7.09   7.467E-041   1.161E-034   8.618E-029   7.755E-024   1.958E-019   1.169E-015   2.685E-012   2.702E-009   1.615E-006   4.245E-004   4.882E-002   2.461E-001   7.046E-001
 7.08   1.119E-040   1.696E-034   1.226E-028   1.068E-023   2.612E-019   1.508E-015   3.349E-012   3.255E-009   1.881E-006   4.799E-004   5.405E-002   2.576E-001   6.879E-001
 7.07   1.677E-040   2.478E-034   1.744E-028   1.472E-023   3.484E-019   1.947E-015   4.179E-012   3.920E-009   2.190E-006   5.423E-004   5.984E-002   2.693E-001   6.703E-001
 7.06   2.516E-040   3.623E-034   2.482E-028   2.028E-023   4.649E-019   2.513E-015   5.215E-012   4.721E-009   2.550E-006   6.125E-004   6.623E-002   2.814E-001   6.518E-001
 7.05   3.775E-040   5.297E-034   3.533E-028   2.796E-023   6.203E-019   3.245E-015   6.506E-012   5.684E-009   2.967E-006   6.915E-004   7.327E-002   2.936E-001   6.324E-001
 7.04   5.664E-040   7.746E-034   5.030E-028   3.853E-023   8.277E-019   4.188E-015   8.114E-012   6.839E-009   3.451E-006   7.800E-004   8.102E-002   3.061E-001   6.121E-001
 7.03   8.497E-040   1.133E-033   7.160E-028   5.310E-023   1.104E-018   5.403E-015   1.011E-011   8.225E-009   4.010E-006   8.791E-004   8.953E-002   3.186E-001   5.910E-001
 7.02   1.275E-039   1.656E-033   1.019E-027   7.315E-023   1.472E-018   6.967E-015   1.260E-011   9.884E-009   4.655E-006   9.897E-004   9.885E-002   3.310E-001   5.691E-001
 7.01   1.912E-039   2.421E-033   1.450E-027   1.007E-022   1.962E-018   8.979E-015   1.569E-011   1.187E-008   5.398E-006   1.113E-003   1.090E-001   3.434E-001   5.464E-001
 7.00   2.866E-039   3.537E-033   2.062E-027   1.387E-022   2.613E-018   1.156E-014   1.951E-011   1.423E-008   6.251E-006   1.249E-003   1.201E-001   3.556E-001   5.231E-001
 6.99   4.296E-039   5.167E-033   2.932E-027   1.908E-022   3.478E-018   1.488E-014   2.424E-011   1.705E-008   7.229E-006   1.401E-003   1.322E-001   3.674E-001   4.991E-001
 6.98   6.435E-039   7.543E-033   4.165E-027   2.622E-022   4.624E-018   1.912E-014   3.007E-011   2.039E-008   8.347E-006   1.567E-003   1.452E-001   3.787E-001   4.745E-001
 6.97   9.632E-039   1.100E-032   5.913E-027   3.601E-022   6.141E-018   2.454E-014   3.726E-011   2.435E-008   9.621E-006   1.751E-003   1.592E-001   3.894E-001   4.496E-001
 6.96   1.440E-038   1.603E-032   8.385E-027   4.939E-022   8.145E-018   3.145E-014   4.610E-011   2.903E-008   1.107E-005   1.951E-003   1.743E-001   3.993E-001   4.244E-001
 6.95   2.151E-038   2.333E-032   1.187E-026   6.765E-022   1.079E-017   4.025E-014   5.693E-011   3.455E-008   1.270E-005   2.169E-003   1.904E-001   4.084E-001   3.990E-001
 6.94   3.207E-038   3.391E-032   1.679E-026   9.251E-022   1.426E-017   5.142E-014   7.018E-011   4.102E-008   1.455E-005   2.406E-003   2.076E-001   4.164E-001   3.736E-001
 6.93   4.776E-038   4.920E-032   2.370E-026   1.263E-021   1.883E-017   6.556E-014   8.634E-011   4.861E-008   1.662E-005   2.662E-003   2.257E-001   4.232E-001   3.484E-001
 6.92   7.101E-038   7.129E-032   3.341E-026   1.721E-021   2.481E-017   8.344E-014   1.060E-010   5.747E-008   1.895E-005   2.937E-003   2.448E-001   4.287E-001   3.235E-001
 6.91   1.054E-037   1.032E-031   4.703E-026   2.342E-021   3.263E-017   1.060E-013   1.299E-010   6.779E-008   2.154E-005   3.231E-003   2.649E-001   4.329E-001   2.989E-001
 6.90   1.563E-037   1.490E-031   6.610E-026   3.182E-021   4.285E-017   1.344E-013   1.588E-010   7.979E-008   2.443E-005   3.546E-003   2.859E-001   4.356E-001   2.749E-001
 6.89   2.315E-037   2.150E-031   9.276E-026   4.316E-021   5.616E-017   1.701E-013   1.938E-010   9.368E-008   2.763E-005   3.879E-003   3.077E-001   4.368E-001   2.516E-001
 6.88   3.423E-037   3.098E-031   1.300E-025   5.845E-021   7.347E-017   2.148E-013   2.359E-010   1.097E-007   3.117E-005   4.232E-003   3.303E-001   4.364E-001   2.290E-001
 6.87   5.054E-037   4.458E-031   1.819E-025   7.903E-021   9.596E-017   2.708E-013   2.867E-010   1.283E-007   3.508E-005   4.604E-003   3.536E-001   4.344E-001   2.073E-001
 6.86   7.450E-037   6.403E-031   2.541E-025   1.067E-020   1.251E-016   3.406E-013   3.475E-010   1.496E-007   3.937E-005   4.994E-003   3.775E-001   4.308E-001   1.866E-001
 6.85   1.097E-036   9.182E-031   3.544E-025   1.437E-020   1.627E-016   4.276E-013   4.203E-010   1.740E-007   4.407E-005   5.400E-003   4.020E-001   4.256E-001   1.670E-001
 6.84   1.611E-036   1.315E-030   4.934E-025   1.933E-020   2.114E-016   5.358E-013   5.074E-010   2.019E-007   4.921E-005   5.823E-003   4.268E-001   4.187E-001   1.486E-001
 6.83   2.364E-036   1.880E-030   6.859E-025   2.595E-020   2.740E-016   6.701E-013   6.112E-010   2.339E-007   5.480E-005   6.261E-003   4.521E-001   4.103E-001   1.313E-001
 6.82   3.465E-036   2.684E-030   9.522E-025   3.479E-020   3.547E-016   8.366E-013   7.348E-010   2.703E-007   6.089E-005   6.713E-003   4.776E-001   4.003E-001   1.153E-001
 6.81   5.072E-036   3.828E-030   1.320E-024   4.658E-020   4.585E-016   1.043E-012   8.819E-010   3.117E-007   6.749E-005   7.179E-003   5.032E-001   3.890E-001   1.006E-001
 6.80   7.417E-036   5.454E-030   1.829E-024   6.231E-020   5.918E-016   1.298E-012   1.057E-009   3.588E-007   7.465E-005   7.656E-003   5.289E-001   3.763E-001   8.713E-002
 6.79   1.084E-035   7.765E-030   2.532E-024   8.326E-020   7.630E-016   1.613E-012   1.264E-009   4.122E-007   8.238E-005   8.145E-003   5.544E-001   3.624E-001   7.496E-002
 6.78   1.583E-035   1.105E-029   3.502E-024   1.112E-019   9.826E-016   2.002E-012   1.510E-009   4.728E-007   9.073E-005   8.644E-003   5.798E-001   3.474E-001   6.402E-002
 6.77   2.310E-035   1.571E-029   4.840E-024   1.483E-019   1.264E-015   2.482E-012   1.801E-009   5.414E-007   9.973E-005   9.151E-003   6.050E-001   3.315E-001   5.427E-002
 6.76   3.371E-035   2.232E-029   6.686E-024   1.977E-019   1.625E-015   3.074E-012   2.146E-009   6.189E-007   1.094E-004   9.666E-003   6.297E-001   3.149E-001   4.566E-002
 6.75   4.915E-035   3.171E-029   9.232E-024   2.633E-019   2.087E-015   3.804E-012   2.553E-009   7.066E-007   1.198E-004   1.019E-002   6.540E-001   2.976E-001   3.812E-002
 6.74   7.166E-035   4.503E-029   1.274E-023   3.505E-019   2.678E-015   4.701E-012   3.035E-009   8.056E-007   1.310E-004   1.071E-002   6.778E-001   2.798E-001   3.159E-002
 6.73   1.044E-034   6.393E-029   1.758E-023   4.663E-019   3.435E-015   5.806E-012   3.603E-009   9.172E-007   1.430E-004   1.124E-002   7.008E-001   2.618E-001   2.597E-002
