 9.00   0.000E+000   1.077E-008   1.000E+000
 8.99   5.713E-017   1.103E-008   1.000E+000
 8.98   6.003E-017   1.130E-008   1.000E+000
 8.97   6.308E-017   1.158E-008   1.000E+000
 8.96   6.629E-017   1.186E-008   1.000E+000
 8.95   6.966E-017   1.216E-008   1.000E+000
 8.94   7.319E-017   1.245E-008   1.000E+000
 8.93   7.690E-017   1.276E-008   1.000E+000
 8.92   8.080E-017   1.307E-008   1.000E+000
 8.91   8.489E-017   1.339E-008   1.000E+000
 8.90   8.919E-017   1.372E-008   1.000E+000
 8.89   9.371E-017   1.405E-008   1.000E+000
 8.88   9.846E-017   1.440E-008   1.000E+000
 8.87   1.034E-016   1.475E-008   1.000E+000
 8.86   1.087E-016   1.511E-008   1.000E+000
 8.85   1.142E-016   1.548E-008   1.000E+000
 8.84   1.199E-016   1.586E-008   1.000E+000
 8.83   1.260E-016   1.624E-008   1.000E+000
 8.82   1.324E-016   1.664E-008   1.000E+000
 8.81   1.391E-016   1.704E-008   1.000E+000
 8.80   1.461E-016   1.746E-008   1.000E+000
 8.79   1.535E-016   1.788E-008   1.000E+000
 8.78   1.612E-016   1.832E-008   1.000E+000
 8.77   1.694E-016   1.877E-008   1.000E+000
 8.76   1.780E-016   1.922E-008   1.000E+000
 8.75   1.870E-016   1.969E-008   1.000E+000
 8.74   1.964E-016   2.017E-008   1.000E+000
 8.73   2.064E-016   2.066E-008   1.000E+000
 8.72   2.168E-016   2.117E-008   1.000E+000
 8.71   2.278E-016   2.168E-008   1.000E+000
 8.70   2.393E-016   2.221E-008   1.000E+000
 8.69   2.514E-016   2.275E-008   1.000E+000
 8.68   2.641E-016   2.331E-008   1.000E+000
 8.67   2.775E-016   2.387E-008   1.000E+000
 8.66   2.915E-016   2.445E-008   1.000E+000
 8.65   3.062E-016   2.505E-008   1.000E+000
 8.64   3.216E-016   2.565E-008   1.000E+000
 8.63   3.379E-016   2.627E-008   1.000E+000
 8.62   3.549E-016   2.691E-008   1.000E+000
 8.61   3.728E-016   2.756E-008   1.000E+000
 8.60   3.917E-016   2.823E-008   1.000E+000
 8.59   4.115E-016   2.892E-008   1.000E+000
 8.58   4.324E-016   2.962E-008   1.000E+000
 8.57   4.543E-016   3.035E-008   1.000E+000
 8.56   4.773E-016   3.109E-008   1.000E+000
 8.55   5.015E-016   3.184E-008   1.000E+000
 8.54   5.268E-016   3.261E-008   1.000E+000
 8.53   5.534E-016   3.340E-008   1.000E+000
 8.52   5.812E-016   3.420E-008   1.000E+000
 8.51   6.105E-016   3.502E-008   1.000E+000
 8.50   6.413E-016   3.587E-008   1.000E+000
 8.49   6.737E-016   3.673E-008   1.000E+000
 8.48   7.078E-016   3.763E-008   1.000E+000
 8.47   7.437E-016   3.854E-008   1.000E+000
 8.46   7.814E-016   3.948E-008   1.000E+000
 8.45   8.210E-016   4.043E-008   1.000E+000
 8.44   8.626E-016   4.141E-008   1.000E+000
 8.43   9.061E-016   4.241E-008   1.000E+000
 8.42   9.519E-016   4.343E-008   1.000E+000
 8.41   1.000E-015   4.448E-008   1.000E+000
 8.40   1.050E-015   4.555E-008   1.000E+000
 8.39   1.104E-015   4.665E-008   1.000E+000
 8.38   1.159E-015   4.778E-008   1.000E+000
 8.37   1.218E-015   4.893E-008   1.000E+000
 8.36   1.280E-015   5.012E-008   1.000E+000
 8.35   1.345E-015   5.133E-008   1.000E+000
 8.34   1.413E-015   5.257E-008   1.000E+000
 8.33   1.485E-015   5.385E-008   1.000E+000
 8.32   1.560E-015   5.515E-008   1.000E+000
 8.31   1.639E-015   5.649E-008   1.000E+000
 8.30   1.723E-015   5.785E-008   1.000E+000
 8.29   1.810E-015   5.925E-008   1.000E+000
 8.28   1.902E-015   6.068E-008   1.000E+000
 8.27   1.998E-015   6.214E-008   1.000E+000
 8.26   2.099E-015   6.364E-008   1.000E+000
 8.25   2.205E-015   6.517E-008   1.000E+000
 8.24   2.317E-015   6.674E-008   1.000E+000
 8.23   2.435E-015   6.835E-008   1.000E+000
 8.22   2.559E-015   6.999E-008   1.000E+000
 8.21   2.689E-015   7.168E-008   1.000E+000
 8.20   2.825E-015   7.341E-008   1.000E+000
 8.19   2.969E-015   7.518E-008   1.000E+000
 8.18   3.119E-015   7.699E-008   1.000E+000
 8.17   3.278E-015   7.884E-008   1.000E+000
 8.16   3.444E-015   8.074E-008   1.000E+000
 8.15   3.619E-015   8.269E-008   1.000E+000
 8.14   3.803E-015   8.469E-008   1.000E+000
 8.13   3.997E-015   8.673E-008   1.000E+000
 8.12   4.201E-015   8.883E-008   1.000E+000
 8.11   4.415E-015   9.097E-008   1.000E+000
 8.10   4.641E-015   9.317E-008   1.000E+000
 8.09   4.878E-015   9.542E-008   1.000E+000
 8.08   5.128E-015   9.773E-008   1.000E+000
 8.07   5.390E-015   1.001E-007   1.000E+000
 8.06   5.665E-015   1.025E-007   1.000E+000
 8.05   5.955E-015   1.050E-007   1.000E+000
 8.04   6.258E-015   1.075E-007   1.000E+000
 8.03   6.577E-015   1.101E-007   1.000E+000
 8.02   6.912E-015   1.127E-007   1.000E+000
 8.01   7.265E-015   1.154E-007   1.000E+000
 8.00   7.635E-015   1.182E-007   1.000E+000
 7.99   8.024E-015   1.210E-007   1.000E+000
 7.98   8.434E-015   1.239E-007   1.000E+000
 7.97   8.866E-015   1.269E-007   1.000E+000
 7.96   9.321E-015   1.300E-007   1.000E+000
 7.95   9.799E-015   1.331E-007   1.000E+000
 7.94   1.030E-014   1.364E-007   1.000E+000
 7.93   1.084E-014   1.397E-007   1.000E+000
 7.92   1.139E-014   1.430E-007   1.000E+000
 7.91   1.198E-014   1.465E-007   1.000E+000
 7.90   1.260E-014   1.500E-007   1.000E+000
 7.89   1.325E-014   1.536E-007   1.000E+000
 7.88   1.393E-014   1.573E-007   1.000E+000
 7.87   1.464E-014   1.611E-007   1.000E+000
 7.86   1.540E-014   1.650E-007   1.000E+000
 7.85   1.619E-014   1.689E-007   1.000E+000
 7.84   1.702E-014   1.730E-007   1.000E+000
 7.83   1.789E-014   1.771E-007   1.000E+000
 7.82   1.882E-014   1.814E-007   1.000E+000
 7.81   1.979E-014   1.858E-007   1.000E+000
 7.80   2.081E-014   1.902E-007   1.000E+000
 7.79   2.188E-014   1.948E-007   1.000E+000
 7.78   2.302E-014   1.996E-007   1.000E+000
 7.77   2.421E-014   2.044E-007   1.000E+000
 7.76   2.546E-014   2.093E-007   1.000E+000
 7.75   2.678E-014   2.144E-007   1.000E+000
 7.74   2.817E-014   2.195E-007   1.000E+000
 7.73   2.962E-014   2.248E-007   1.000E+000
 7.72   3.116E-014   2.302E-007   1.000E+000
 7.71   3.277E-014   2.358E-007   1.000E+000
 7.70   3.447E-014   2.415E-007   1.000E+000
 7.69   3.625E-014   2.473E-007   1.000E+000
 7.68   3.813E-014   2.532E-007   1.000E+000
 7.67   4.011E-014   2.593E-007   1.000E+000
 7.66   4.220E-014   2.655E-007   1.000E+000
 7.65   4.440E-014   2.719E-007   1.000E+000
 7.64   4.672E-014   2.785E-007   1.000E+000
 7.63   4.916E-014   2.852E-007   1.000E+000
 7.62   5.173E-014   2.921E-007   1.000E+000
 7.61   5.444E-014   2.992E-007   1.000E+000
 7.60   5.729E-014   3.064E-007   1.000E+000
 7.59   6.029E-014   3.139E-007   1.000E+000
 7.58   6.345E-014   3.215E-007   1.000E+000
 7.57   6.677E-014   3.292E-007   1.000E+000
 7.56   7.027E-014   3.372E-007   1.000E+000
 7.55   7.395E-014   3.453E-007   1.000E+000
 7.54   7.783E-014   3.537E-007   1.000E+000
 7.53   8.192E-014   3.622E-007   1.000E+000
 7.52   8.622E-014   3.710E-007   1.000E+000
 7.51   9.075E-014   3.800E-007   1.000E+000
 7.50   9.553E-014   3.892E-007   1.000E+000
 7.49   1.006E-013   3.986E-007   1.000E+000
 7.48   1.059E-013   4.083E-007   1.000E+000
 7.47   1.115E-013   4.182E-007   1.000E+000
 7.46   1.174E-013   4.284E-007   1.000E+000
 7.45   1.236E-013   4.388E-007   1.000E+000
 7.44   1.301E-013   4.495E-007   1.000E+000
 7.43   1.370E-013   4.605E-007   1.000E+000
 7.42   1.443E-013   4.717E-007   1.000E+000
 7.41   1.519E-013   4.832E-007   1.000E+000
 7.40   1.600E-013   4.949E-007   1.000E+000
 7.39   1.685E-013   5.070E-007   1.000E+000
 7.38   1.775E-013   5.194E-007   1.000E+000
 7.37   1.869E-013   5.321E-007   1.000E+000
 7.36   1.969E-013   5.451E-007   1.000E+000
 7.35   2.074E-013   5.584E-007   1.000E+000
 7.34   2.185E-013   5.721E-007   1.000E+000
 7.33   2.302E-013   5.861E-007   1.000E+000
 7.32   2.425E-013   6.005E-007   1.000E+000
 7.31   2.555E-013   6.152E-007   1.000E+000
 7.30   2.692E-013   6.303E-007   1.000E+000
 7.29   2.837E-013   6.458E-007   1.000E+000
 7.28   2.989E-013   6.616E-007   1.000E+000
 7.27   3.150E-013   6.779E-007   1.000E+000
 7.26   3.320E-013   6.946E-007   1.000E+000
 7.25   3.499E-013   7.117E-007   1.000E+000
 7.24   3.689E-013   7.292E-007   1.000E+000
 7.23   3.889E-013   7.472E-007   1.000E+000
 7.22   4.100E-013   7.657E-007   1.000E+000
 7.21   4.322E-013   7.846E-007   1.000E+000
 7.20   4.558E-013   8.041E-007   1.000E+000
 7.19   4.806E-013   8.240E-007   1.000E+000
 7.18   5.068E-013   8.445E-007   1.000E+000
 7.17   5.345E-013   8.655E-007   1.000E+000
 7.16   5.637E-013   8.870E-007   1.000E+000
 7.15   5.946E-013   9.090E-007   1.000E+000
 7.14   6.272E-013   9.317E-007   1.000E+000
 7.13   6.616E-013   9.549E-007   1.000E+000
 7.12   6.979E-013   9.787E-007   1.000E+000
 7.11   7.363E-013   1.003E-006   1.000E+000
 7.10   7.769E-013   1.028E-006   1.000E+000
 7.09   8.197E-013   1.054E-006   1.000E+000
 7.08   8.650E-013   1.081E-006   1.000E+000
 7.07   9.128E-013   1.108E-006   1.000E+000
 7.06   9.634E-013   1.136E-006   1.000E+000
 7.05   1.017E-012   1.164E-006   1.000E+000
 7.04   1.073E-012   1.194E-006   1.000E+000
 7.03   1.133E-012   1.224E-006   1.000E+000
 7.02   1.197E-012   1.255E-006   1.000E+000
 7.01   1.264E-012   1.286E-006   1.000E+000
 7.00   1.335E-012   1.319E-006   1.000E+000
 6.99   1.410E-012   1.353E-006   1.000E+000
 6.98   1.489E-012   1.387E-006   1.000E+000
 6.97   1.573E-012   1.423E-006   1.000E+000
 6.96   1.661E-012   1.459E-006   1.000E+000
 6.95   1.755E-012   1.496E-006   1.000E+000
 6.94   1.855E-012   1.535E-006   1.000E+000
 6.93   1.960E-012   1.574E-006   1.000E+000
 6.92   2.071E-012   1.615E-006   1.000E+000
 6.91   2.189E-012   1.656E-006   1.000E+000
 6.90   2.313E-012   1.699E-006   1.000E+000
 6.89   2.446E-012   1.743E-006   1.000E+000
 6.88   2.585E-012   1.788E-006   1.000E+000
 6.87   2.734E-012   1.834E-006   1.000E+000
 6.86   2.891E-012   1.882E-006   1.000E+000
 6.85   3.057E-012   1.931E-006   1.000E+000
 6.84   3.234E-012   1.982E-006   1.000E+000
 6.83   3.421E-012   2.034E-006   1.000E+000
 6.82   3.619E-012   2.087E-006   1.000E+000
 6.81   3.830E-012   2.142E-006   1.000E+000
 6.80   4.053E-012   2.199E-006   1.000E+000
 6.79   4.289E-012   2.257E-006   1.000E+000
 6.78   4.541E-012   2.317E-006   1.000E+000
 6.77   4.807E-012   2.379E-006   1.000E+000
 6.76   5.090E-012   2.443E-006   1.000E+000
 6.75   5.391E-012   2.509E-006   1.000E+000
 6.74   5.710E-012   2.576E-006   1.000E+000
 6.73   6.049E-012   2.646E-006   1.000E+000
 6.72   6.409E-012   2.718E-006   1.000E+000
 6.71   6.791E-012   2.792E-006   1.000E+000
 6.70   7.198E-012   2.869E-006   1.000E+000
 6.69   7.630E-012   2.948E-006   1.000E+000
 6.68   8.090E-012   3.029E-006   1.000E+000
 6.67   8.579E-012   3.113E-006   1.000E+000
 6.66   9.099E-012   3.200E-006   1.000E+000
 6.65   9.652E-012   3.290E-006   1.000E+000
 6.64   1.024E-011   3.382E-006   1.000E+000
 6.63   1.087E-011   3.477E-006   1.000E+000
 6.62   1.153E-011   3.576E-006   1.000E+000
 6.61   1.224E-011   3.678E-006   1.000E+000
 6.60   1.300E-011   3.783E-006   1.000E+000
 6.59   1.380E-011   3.891E-006   1.000E+000
 6.58   1.466E-011   4.004E-006   1.000E+000
 6.57   1.558E-011   4.120E-006   1.000E+000
 6.56   1.655E-011   4.240E-006   1.000E+000
 6.55   1.759E-011   4.364E-006   1.000E+000
 6.54   1.870E-011   4.493E-006   1.000E+000
 6.53   1.988E-011   4.626E-006   1.000E+000
 6.52   2.114E-011   4.763E-006   1.000E+000
 6.51   2.249E-011   4.906E-006   1.000E+000
 6.50   2.393E-011   5.053E-006   1.000E+000
 6.49   2.546E-011   5.205E-006   1.000E+000
 6.48   2.710E-011   5.364E-006   1.000E+000
 6.47   2.885E-011   5.527E-006   1.000E+000
 6.46   3.072E-011   5.697E-006   1.000E+000
 6.45   3.272E-011   5.873E-006   1.000E+000
 6.44   3.486E-011   6.056E-006   1.000E+000
 6.43   3.715E-011   6.246E-006   1.000E+000
 6.42   3.960E-011   6.443E-006   1.000E+000
 6.41   4.222E-011   6.647E-006   1.000E+000
 6.40   4.503E-011   6.858E-006   1.000E+000
 6.39   4.803E-011   7.077E-006   1.000E+000
 6.38   5.125E-011   7.305E-006   1.000E+000
 6.37   5.469E-011   7.541E-006   1.000E+000
 6.36   5.838E-011   7.786E-006   1.000E+000
 6.35   6.234E-011   8.041E-006   1.000E+000
 6.34   6.659E-011   8.306E-006   1.000E+000
 6.33   7.114E-011   8.582E-006   1.000E+000
 6.32   7.602E-011   8.869E-006   1.000E+000
 6.31   8.127E-011   9.167E-006   1.000E+000
 6.30   8.689E-011   9.478E-006   1.000E+000
 6.29   9.293E-011   9.800E-006   1.000E+000
 6.28   9.941E-011   1.014E-005   1.000E+000
 6.27   1.064E-010   1.049E-005   1.000E+000
 6.26   1.139E-010   1.085E-005   1.000E+000
 6.25   1.219E-010   1.123E-005   1.000E+000
 6.24   1.306E-010   1.162E-005   1.000E+000
 6.23   1.399E-010   1.203E-005   1.000E+000
 6.22   1.499E-010   1.246E-005   1.000E+000
 6.21   1.607E-010   1.291E-005   1.000E+000
 6.20   1.723E-010   1.338E-005   1.000E+000
 6.19   1.849E-010   1.387E-005   1.000E+000
 6.18   1.984E-010   1.437E-005   1.000E+000
 6.17   2.129E-010   1.491E-005   1.000E+000
 6.16   2.286E-010   1.546E-005   1.000E+000
 6.15   2.455E-010   1.604E-005   1.000E+000
 6.14   2.638E-010   1.665E-005   1.000E+000
 6.13   2.836E-010   1.728E-005   1.000E+000
 6.12   3.049E-010   1.795E-005   1.000E+000
 6.11   3.279E-010   1.864E-005   1.000E+000
 6.10   3.528E-010   1.937E-005   1.000E+000
 6.09   3.798E-010   2.014E-005   1.000E+000
 6.08   4.089E-010   2.094E-005   1.000E+000
 6.07   4.405E-010   2.178E-005   1.000E+000
 6.06   4.747E-010   2.266E-005   1.000E+000
 6.05   5.117E-010   2.358E-005   1.000E+000
 6.04   5.519E-010   2.456E-005   1.000E+000
 6.03   5.955E-010   2.558E-005   1.000E+000
 6.02   6.428E-010   2.666E-005   1.000E+000
 6.01   6.941E-010   2.779E-005   1.000E+000
 6.00   7.499E-010   2.898E-005   1.000E+000
 5.99   8.105E-010   3.024E-005   1.000E+000
 5.98   8.763E-010   3.155E-005   1.000E+000
 5.97   9.479E-010   3.294E-005   1.000E+000
 5.96   1.026E-009   3.441E-005   1.000E+000
 5.95   1.111E-009   3.595E-005   1.000E+000
 5.94   1.203E-009   3.758E-005   1.000E+000
 5.93   1.303E-009   3.929E-005   1.000E+000
 5.92   1.413E-009   4.111E-005   1.000E+000
 5.91   1.533E-009   4.302E-005   1.000E+000
 5.90   1.663E-009   4.504E-005   1.000E+000
 5.89   1.805E-009   4.718E-005   1.000E+000
 5.88   1.961E-009   4.945E-005   1.000E+000
 5.87   2.131E-009   5.185E-005   9.999E-001
 5.86   2.317E-009   5.440E-005   9.999E-001
 5.85   2.520E-009   5.710E-005   9.999E-001
 5.84   2.743E-009   5.997E-005   9.999E-001
 5.83   2.988E-009   6.302E-005   9.999E-001
 5.82   3.256E-009   6.626E-005   9.999E-001
 5.81   3.550E-009   6.970E-005   9.999E-001
 5.80   3.872E-009   7.335E-005   9.999E-001
 5.79   4.224E-009   7.723E-005   9.999E-001
 5.78   4.612E-009   8.135E-005   9.999E-001
 5.77   5.037E-009   8.574E-005   9.999E-001
 5.76   5.504E-009   9.043E-005   9.999E-001
 5.75   6.019E-009   9.543E-005   9.999E-001
 5.74   6.587E-009   1.008E-004   9.999E-001
 5.73   7.214E-009   1.065E-004   9.999E-001
 5.72   7.906E-009   1.126E-004   9.999E-001
 5.71   8.670E-009   1.192E-004   9.999E-001
 5.70   9.514E-009   1.263E-004   9.999E-001
 5.69   1.045E-008   1.338E-004   9.999E-001
 5.68   1.148E-008   1.419E-004   9.999E-001
 5.67   1.262E-008   1.506E-004   9.998E-001
 5.66   1.389E-008   1.599E-004   9.998E-001
 5.65   1.529E-008   1.699E-004   9.998E-001
 5.64   1.684E-008   1.807E-004   9.998E-001
 5.63   1.856E-008   1.923E-004   9.998E-001
 5.62   2.047E-008   2.049E-004   9.998E-001
 5.61   2.260E-008   2.184E-004   9.998E-001
 5.60   2.496E-008   2.330E-004   9.998E-001
 5.59   2.760E-008   2.488E-004   9.998E-001
 5.58   3.053E-008   2.660E-004   9.997E-001
 5.57   3.382E-008   2.845E-004   9.997E-001
 5.56   3.748E-008   3.047E-004   9.997E-001
 5.55   4.159E-008   3.266E-004   9.997E-001
 5.54   4.617E-008   3.504E-004   9.996E-001
 5.53   5.129E-008   3.762E-004   9.996E-001
 5.52   5.704E-008   4.044E-004   9.996E-001
 5.51   6.350E-008   4.352E-004   9.996E-001
 5.50   7.075E-008   4.688E-004   9.995E-001
 5.49   7.887E-008   5.055E-004   9.995E-001
 5.48   8.802E-008   5.456E-004   9.995E-001
 5.47   9.832E-008   5.895E-004   9.994E-001
 5.46   1.099E-007   6.375E-004   9.994E-001
 5.45   1.230E-007   6.901E-004   9.993E-001
 5.44   1.377E-007   7.477E-004   9.993E-001
 5.43   1.543E-007   8.110E-004   9.992E-001
 5.42   1.729E-007   8.802E-004   9.991E-001
 5.41   1.940E-007   9.560E-004   9.990E-001
 5.40   2.177E-007   1.039E-003   9.990E-001
 5.39   2.443E-007   1.130E-003   9.989E-001
 5.38   2.743E-007   1.229E-003   9.988E-001
 5.37   3.080E-007   1.337E-003   9.987E-001
 5.36   3.460E-007   1.456E-003   9.985E-001
 5.35   3.887E-007   1.586E-003   9.984E-001
 5.34   4.367E-007   1.729E-003   9.983E-001
 5.33   4.906E-007   1.885E-003   9.981E-001
 5.32   5.514E-007   2.056E-003   9.979E-001
 5.31   6.197E-007   2.243E-003   9.978E-001
 5.30   6.965E-007   2.448E-003   9.976E-001
 5.29   7.828E-007   2.672E-003   9.973E-001
 5.28   8.799E-007   2.918E-003   9.971E-001
 5.27   9.889E-007   3.187E-003   9.968E-001
 5.26   1.111E-006   3.481E-003   9.965E-001
 5.25   1.249E-006   3.802E-003   9.962E-001
 5.24   1.403E-006   4.153E-003   9.958E-001
 5.23   1.576E-006   4.536E-003   9.955E-001
 5.22   1.770E-006   4.953E-003   9.950E-001
 5.21   1.986E-006   5.407E-003   9.946E-001
 5.20   2.228E-006   5.900E-003   9.941E-001
 5.19   2.497E-006   6.435E-003   9.936E-001
 5.18   2.797E-006   7.014E-003   9.930E-001
 5.17   3.130E-006   7.640E-003   9.924E-001
 5.16   3.499E-006   8.314E-003   9.917E-001
 5.15   3.908E-006   9.040E-003   9.910E-001
 5.14   4.360E-006   9.819E-003   9.902E-001
 5.13   4.858E-006   1.065E-002   9.893E-001
 5.12   5.407E-006   1.155E-002   9.884E-001
 5.11   6.011E-006   1.250E-002   9.875E-001
 5.10   6.675E-006   1.351E-002   9.865E-001
 5.09   7.403E-006   1.459E-002   9.854E-001
 5.08   8.201E-006   1.573E-002   9.843E-001
 5.07   9.076E-006   1.693E-002   9.831E-001
 5.06   1.003E-005   1.821E-002   9.818E-001
 5.05   1.108E-005   1.954E-002   9.804E-001
 5.04   1.222E-005   2.095E-002   9.790E-001
 5.03   1.346E-005   2.243E-002   9.776E-001
 5.02   1.482E-005   2.397E-002   9.760E-001
 5.01   1.630E-005   2.557E-002   9.744E-001
 5.00   1.792E-005   2.725E-002   9.727E-001
 4.99   1.969E-005   2.898E-002   9.710E-001
 4.98   2.163E-005   3.078E-002   9.692E-001
 4.97   2.376E-005   3.264E-002   9.673E-001
 4.96   2.610E-005   3.455E-002   9.654E-001
 4.95   2.867E-005   3.652E-002   9.634E-001
 4.94   3.151E-005   3.855E-002   9.614E-001
 4.93   3.466E-005   4.063E-002   9.593E-001
 4.92   3.815E-005   4.275E-002   9.572E-001
 4.91   4.202E-005   4.492E-002   9.550E-001
 4.90   4.635E-005   4.714E-002   9.528E-001
 4.89   5.118E-005   4.940E-002   9.506E-001
 4.88   5.659E-005   5.169E-002   9.483E-001
 4.87   6.265E-005   5.403E-002   9.459E-001
 4.86   6.946E-005   5.640E-002   9.435E-001
 4.85   7.711E-005   5.880E-002   9.411E-001
 4.84   8.572E-005   6.123E-002   9.387E-001
 4.83   9.540E-005   6.370E-002   9.362E-001
 4.82   1.063E-004   6.619E-002   9.337E-001
 4.81   1.185E-004   6.871E-002   9.312E-001
 4.80   1.322E-004   7.126E-002   9.286E-001
 4.79   1.475E-004   7.383E-002   9.260E-001
 4.78   1.646E-004   7.644E-002   9.234E-001
 4.77   1.836E-004   7.906E-002   9.208E-001
 4.76   2.048E-004   8.171E-002   9.181E-001
 4.75   2.283E-004   8.439E-002   9.154E-001
 4.74   2.543E-004   8.709E-002   9.127E-001
 4.73   2.829E-004   8.981E-002   9.099E-001
 4.72   3.143E-004   9.256E-002   9.071E-001
 4.71   3.487E-004   9.533E-002   9.043E-001
 4.70   3.863E-004   9.812E-002   9.015E-001
 4.69   4.271E-004   1.009E-001   8.986E-001
 4.68   4.714E-004   1.038E-001   8.958E-001
 4.67   5.191E-004   1.066E-001   8.929E-001
 4.66   5.703E-004   1.095E-001   8.899E-001
 4.65   6.252E-004   1.124E-001   8.870E-001
 4.64   6.838E-004   1.153E-001   8.840E-001
 4.63   7.461E-004   1.182E-001   8.811E-001
 4.62   8.121E-004   1.211E-001   8.781E-001
 4.61   8.818E-004   1.240E-001   8.751E-001
 4.60   9.552E-004   1.270E-001   8.721E-001
 4.59   1.032E-003   1.299E-001   8.691E-001
 4.58   1.113E-003   1.328E-001   8.660E-001
 4.57   1.197E-003   1.358E-001   8.630E-001
 4.56   1.284E-003   1.387E-001   8.600E-001
 4.55   1.375E-003   1.417E-001   8.570E-001
 4.54   1.470E-003   1.446E-001   8.539E-001
 4.53   1.567E-003   1.475E-001   8.509E-001
 4.52   1.668E-003   1.505E-001   8.478E-001
 4.51   1.772E-003   1.534E-001   8.448E-001
 4.50   1.879E-003   1.564E-001   8.418E-001
 4.49   1.989E-003   1.593E-001   8.387E-001
 4.48   2.103E-003   1.622E-001   8.357E-001
 4.47   2.220E-003   1.652E-001   8.326E-001
 4.46   2.340E-003   1.682E-001   8.295E-001
 4.45   2.465E-003   1.711E-001   8.264E-001
 4.44   2.593E-003   1.741E-001   8.233E-001
 4.43   2.726E-003   1.772E-001   8.201E-001
 4.42   2.864E-003   1.802E-001   8.169E-001
 4.41   3.007E-003   1.833E-001   8.136E-001
 4.40   3.155E-003   1.865E-001   8.103E-001
 4.39   3.310E-003   1.897E-001   8.070E-001
 4.38   3.471E-003   1.930E-001   8.035E-001
 4.37   3.640E-003   1.964E-001   8.000E-001
 4.36   3.817E-003   1.998E-001   7.964E-001
 4.35   4.003E-003   2.033E-001   7.927E-001
 4.34   4.200E-003   2.070E-001   7.888E-001
 4.33   4.408E-003   2.107E-001   7.849E-001
 4.32   4.629E-003   2.146E-001   7.808E-001
 4.31   4.863E-003   2.186E-001   7.765E-001
 4.30   5.114E-003   2.228E-001   7.721E-001
 4.29   5.382E-003   2.272E-001   7.675E-001
 4.28   5.669E-003   2.317E-001   7.626E-001
 4.27   5.979E-003   2.365E-001   7.575E-001
 4.26   6.312E-003   2.415E-001   7.522E-001
 4.25   6.673E-003   2.467E-001   7.466E-001
 4.24   7.065E-003   2.522E-001   7.407E-001
 4.23   7.492E-003   2.580E-001   7.345E-001
 4.22   7.957E-003   2.641E-001   7.280E-001
 4.21   8.466E-003   2.705E-001   7.210E-001
 4.20   9.024E-003   2.773E-001   7.136E-001
 4.19   9.637E-003   2.845E-001   7.058E-001
 4.18   1.031E-002   2.921E-001   6.976E-001
 4.17   1.106E-002   3.002E-001   6.888E-001
 4.16   1.189E-002   3.087E-001   6.794E-001
 4.15   1.280E-002   3.177E-001   6.695E-001
 4.14   1.382E-002   3.272E-001   6.589E-001
 4.13   1.496E-002   3.373E-001   6.477E-001
 4.12   1.622E-002   3.479E-001   6.358E-001
 4.11   1.763E-002   3.592E-001   6.232E-001
 4.10   1.921E-002   3.710E-001   6.098E-001
 4.09   2.098E-002   3.834E-001   5.957E-001
 4.08   2.296E-002   3.964E-001   5.807E-001
 4.07   2.518E-002   4.100E-001   5.649E-001
 4.06   2.767E-002   4.241E-001   5.482E-001
 4.05   3.046E-002   4.388E-001   5.307E-001
 4.04   3.359E-002   4.540E-001   5.124E-001
 4.03   3.710E-002   4.697E-001   4.932E-001
 4.02   4.105E-002   4.857E-001   4.732E-001
 4.01   4.547E-002   5.020E-001   4.525E-001
 4.00   5.042E-002   5.185E-001   4.310E-001
 3.99   5.596E-002   5.351E-001   4.089E-001
 3.98   6.215E-002   5.516E-001   3.863E-001
 3.97   6.905E-002   5.678E-001   3.632E-001
 3.96   7.674E-002   5.835E-001   3.397E-001
 3.95   8.529E-002   5.987E-001   3.160E-001
 3.94   9.476E-002   6.130E-001   2.923E-001
 3.93   1.052E-001   6.261E-001   2.686E-001
 3.92   1.168E-001   6.380E-001   2.452E-001
 3.91   1.295E-001   6.483E-001   2.222E-001
 3.90   1.434E-001   6.568E-001   1.998E-001
 3.89   1.586E-001   6.633E-001   1.781E-001
 3.88   1.751E-001   6.675E-001   1.574E-001
 3.87   1.930E-001   6.693E-001   1.377E-001
 3.86   2.123E-001   6.684E-001   1.193E-001
 3.85   2.330E-001   6.648E-001   1.022E-001
 3.84   2.552E-001   6.583E-001   8.645E-002
 3.83   2.789E-001   6.489E-001   7.221E-002
 3.82   3.039E-001   6.366E-001   5.948E-002
 3.81   3.304E-001   6.214E-001   4.826E-002
 3.80   3.581E-001   6.034E-001   3.853E-002
 3.79   3.871E-001   5.827E-001   3.022E-002
 3.78   4.172E-001   5.596E-001   2.327E-002
 3.77   4.482E-001   5.342E-001   1.756E-002
 3.76   4.799E-001   5.071E-001   1.297E-002
 3.75   5.122E-001   4.784E-001   9.373E-003
 3.74   5.446E-001   4.488E-001   6.622E-003
 3.73   5.769E-001   4.185E-001   4.580E-003
 3.72   6.086E-001   3.883E-001   3.103E-003
 3.71   6.393E-001   3.586E-001   2.063E-003
 3.70   6.686E-001   3.300E-001   1.352E-003
 3.69   6.962E-001   3.030E-001   8.782E-004
 3.68   7.215E-001   2.779E-001   5.690E-004
 3.67   7.446E-001   2.550E-001   3.705E-004
 3.66   7.652E-001   2.345E-001   2.440E-004
 3.65   7.835E-001   2.164E-001   1.634E-004
 3.64   7.995E-001   2.004E-001   1.117E-004
 3.63   8.135E-001   1.864E-001   7.805E-005
 3.62   8.258E-001   1.742E-001   5.577E-005
 3.61   8.366E-001   1.634E-001   4.070E-005
 3.60   8.461E-001   1.539E-001   3.029E-005
 3.59   8.545E-001   1.455E-001   2.295E-005
 3.58   8.621E-001   1.379E-001   1.767E-005
 3.57   8.688E-001   1.312E-001   1.381E-005
 3.56   8.749E-001   1.251E-001   1.094E-005
 3.55   8.804E-001   1.196E-001   8.770E-006
 3.54   8.854E-001   1.145E-001   7.107E-006
 3.53   8.900E-001   1.100E-001   5.817E-006
 3.52   8.943E-001   1.057E-001   4.804E-006
 3.51   8.981E-001   1.018E-001   4.001E-006
 3.50   9.017E-001   9.825E-002   3.358E-006
 3.49   9.051E-001   9.492E-002   2.838E-006
 3.48   9.082E-001   9.182E-002   2.414E-006
 3.47   9.111E-001   8.893E-002   2.066E-006
 3.46   9.138E-001   8.623E-002   1.778E-006
 3.45   9.163E-001   8.370E-002   1.539E-006
 3.44   9.187E-001   8.132E-002   1.338E-006
 3.43   9.209E-001   7.908E-002   1.169E-006
 3.42   9.230E-001   7.697E-002   1.025E-006
 3.41   9.250E-001   7.498E-002   9.029E-007
 3.40   9.269E-001   7.310E-002   7.983E-007
 3.39   9.287E-001   7.131E-002   7.083E-007
 3.38   9.304E-001   6.961E-002   6.306E-007
 3.37   9.320E-001   6.800E-002   5.633E-007
 3.36   9.335E-001   6.647E-002   5.047E-007
 3.35   9.350E-001   6.501E-002   4.535E-007
 3.34   9.364E-001   6.362E-002   4.086E-007
 3.33   9.377E-001   6.229E-002   3.691E-007
 3.32   9.390E-001   6.101E-002   3.343E-007
 3.31   9.402E-001   5.980E-002   3.039E-007
 3.30   9.414E-001   5.864E-002   2.768E-007
 3.29   9.425E-001   5.752E-002   2.527E-007
 3.28   9.436E-001   5.645E-002   2.312E-007
 3.27   9.446E-001   5.542E-002   2.119E-007
 3.26   9.456E-001   5.443E-002   1.946E-007
 3.25   9.465E-001   5.347E-002   1.790E-007
 3.24   9.474E-001   5.256E-002   1.649E-007
 3.23   9.483E-001   5.167E-002   1.522E-007
 3.22   9.492E-001   5.082E-002   1.407E-007
 3.21   9.500E-001   4.999E-002   1.302E-007
 3.20   9.508E-001   4.920E-002   1.207E-007
 3.19   9.516E-001   4.842E-002   1.120E-007
 3.18   9.523E-001   4.768E-002   1.042E-007
 3.17   9.530E-001   4.696E-002   9.694E-008
 3.16   9.537E-001   4.626E-002   9.033E-008
 3.15   9.544E-001   4.558E-002   8.428E-008
 3.14   9.551E-001   4.493E-002   7.872E-008
 3.13   9.557E-001   4.429E-002   7.361E-008
 3.12   9.563E-001   4.368E-002   6.891E-008
 3.11   9.569E-001   4.308E-002   6.457E-008
 3.10   9.575E-001   4.249E-002   6.057E-008
 3.09   9.581E-001   4.193E-002   5.687E-008
 3.08   9.586E-001   4.138E-002   5.345E-008
 3.07   9.592E-001   4.084E-002   5.027E-008
 3.06   9.597E-001   4.032E-002   4.733E-008
 3.05   9.602E-001   3.981E-002   4.460E-008
 3.04   9.607E-001   3.932E-002   4.206E-008
 3.03   9.612E-001   3.884E-002   3.970E-008
 3.02   9.616E-001   3.837E-002   3.750E-008
 3.01   9.621E-001   3.791E-002   3.545E-008
 3.00   9.625E-001   3.747E-002   3.353E-008
