 9.00   0.000E+000   0.000E+000   0.000E+000   0.000E+000   0.000E+000   0.000E+000   0.000E+000   0.000E+000   0.000E+000   0.000E+000   0.000E+000   0.000E+000   5.491E-014   4.637E-010   1.798E-006   2.135E-003   9.979E-001
 8.99   8.903E-083   1.368E-074   1.549E-067   7.845E-061   1.924E-054   2.125E-048   2.548E-042   6.423E-037   7.978E-032   4.609E-027   1.613E-022   3.663E-018   6.179E-014   5.081E-010   1.919E-006   2.204E-003   9.978E-001
 8.98   1.322E-082   2.013E-074   2.251E-067   1.112E-060   2.661E-054   2.865E-048   3.348E-042   8.228E-037   9.957E-032   5.605E-027   1.911E-022   4.229E-018   6.951E-014   5.567E-010   2.049E-006   2.274E-003   9.977E-001
 8.97   1.963E-082   2.963E-074   3.271E-067   1.576E-060   3.679E-054   3.864E-048   4.401E-042   1.054E-036   1.243E-031   6.816E-027   2.264E-022   4.882E-018   7.819E-014   6.099E-010   2.187E-006   2.347E-003   9.977E-001
 8.96   2.916E-082   4.361E-074   4.753E-067   2.234E-060   5.087E-054   5.212E-048   5.784E-042   1.350E-036   1.551E-031   8.288E-027   2.682E-022   5.635E-018   8.794E-014   6.681E-010   2.334E-006   2.422E-003   9.976E-001
 8.95   4.331E-082   6.419E-074   6.905E-067   3.166E-060   7.033E-054   7.027E-048   7.601E-042   1.729E-036   1.935E-031   1.008E-026   3.177E-022   6.502E-018   9.888E-014   7.317E-010   2.491E-006   2.499E-003   9.975E-001
 8.94   6.430E-082   9.442E-074   1.003E-066   4.485E-060   9.718E-054   9.472E-048   9.986E-042   2.214E-036   2.414E-031   1.225E-026   3.762E-022   7.501E-018   1.111E-013   8.013E-010   2.658E-006   2.578E-003   9.974E-001
 8.93   9.544E-082   1.389E-073   1.455E-066   6.351E-060   1.343E-053   1.276E-047   1.312E-041   2.833E-036   3.011E-031   1.488E-026   4.454E-022   8.652E-018   1.249E-013   8.772E-010   2.835E-006   2.660E-003   9.973E-001
 8.92   1.417E-081   2.042E-073   2.112E-066   8.993E-060   1.855E-053   1.720E-047   1.722E-041   3.626E-036   3.755E-031   1.808E-026   5.272E-022   9.978E-018   1.404E-013   9.603E-010   3.024E-006   2.744E-003   9.973E-001
 8.91   2.103E-081   3.003E-073   3.066E-066   1.273E-059   2.562E-053   2.317E-047   2.262E-041   4.641E-036   4.682E-031   2.197E-026   6.241E-022   1.151E-017   1.578E-013   1.051E-009   3.225E-006   2.830E-003   9.972E-001
 8.90   3.122E-081   4.418E-073   4.450E-066   1.803E-059   3.539E-053   3.122E-047   2.970E-041   5.940E-036   5.839E-031   2.669E-026   7.388E-022   1.327E-017   1.773E-013   1.151E-009   3.440E-006   2.919E-003   9.971E-001
 8.89   4.638E-081   6.500E-073   6.460E-066   2.553E-059   4.890E-053   4.208E-047   3.902E-041   7.603E-036   7.282E-031   3.243E-026   8.746E-022   1.531E-017   1.992E-013   1.260E-009   3.669E-006   3.011E-003   9.970E-001
 8.88   6.892E-081   9.568E-073   9.379E-066   3.617E-059   6.757E-053   5.672E-047   5.125E-041   9.731E-036   9.082E-031   3.940E-026   1.035E-021   1.766E-017   2.239E-013   1.379E-009   3.913E-006   3.105E-003   9.969E-001
 8.87   1.024E-080   1.408E-072   1.362E-065   5.124E-059   9.338E-053   7.645E-047   6.733E-041   1.246E-035   1.133E-030   4.788E-026   1.226E-021   2.037E-017   2.517E-013   1.510E-009   4.173E-006   3.202E-003   9.968E-001
 8.86   1.523E-080   2.074E-072   1.978E-065   7.259E-059   1.290E-052   1.030E-046   8.845E-041   1.595E-035   1.413E-030   5.819E-026   1.452E-021   2.350E-017   2.829E-013   1.652E-009   4.450E-006   3.303E-003   9.967E-001
 8.85   2.264E-080   3.053E-072   2.871E-065   1.028E-058   1.783E-052   1.389E-046   1.162E-040   2.041E-035   1.762E-030   7.071E-026   1.719E-021   2.710E-017   3.179E-013   1.809E-009   4.745E-006   3.406E-003   9.966E-001
 8.84   3.365E-080   4.493E-072   4.168E-065   1.456E-058   2.464E-052   1.872E-046   1.526E-040   2.613E-035   2.198E-030   8.592E-026   2.034E-021   3.126E-017   3.572E-013   1.979E-009   5.059E-006   3.512E-003   9.965E-001
 8.83   5.002E-080   6.614E-072   6.051E-065   2.062E-058   3.403E-052   2.522E-046   2.004E-040   3.345E-035   2.741E-030   1.044E-025   2.408E-021   3.605E-017   4.014E-013   2.166E-009   5.393E-006   3.622E-003   9.964E-001
 8.82   7.437E-080   9.736E-072   8.783E-065   2.920E-058   4.702E-052   3.398E-046   2.633E-040   4.282E-035   3.419E-030   1.269E-025   2.851E-021   4.157E-017   4.509E-013   2.370E-009   5.749E-006   3.735E-003   9.963E-001
 8.81   1.106E-079   1.433E-071   1.275E-064   4.135E-058   6.495E-052   4.579E-046   3.458E-040   5.481E-035   4.264E-030   1.541E-025   3.375E-021   4.793E-017   5.065E-013   2.593E-009   6.127E-006   3.850E-003   9.961E-001
 8.80   1.645E-079   2.111E-071   1.851E-064   5.857E-058   8.974E-052   6.171E-046   4.542E-040   7.017E-035   5.317E-030   1.873E-025   3.995E-021   5.526E-017   5.690E-013   2.837E-009   6.529E-006   3.970E-003   9.960E-001
 8.79   2.448E-079   3.110E-071   2.688E-064   8.297E-058   1.240E-051   8.318E-046   5.966E-040   8.983E-035   6.632E-030   2.275E-025   4.728E-021   6.372E-017   6.391E-013   3.103E-009   6.956E-006   4.092E-003   9.959E-001
 8.78   3.645E-079   4.583E-071   3.903E-064   1.175E-057   1.714E-051   1.121E-045   7.838E-040   1.150E-034   8.271E-030   2.764E-025   5.596E-021   7.347E-017   7.179E-013   3.393E-009   7.411E-006   4.218E-003   9.958E-001
 8.77   5.428E-079   6.754E-071   5.669E-064   1.666E-057   2.369E-051   1.512E-045   1.030E-039   1.472E-034   1.032E-029   3.359E-025   6.623E-021   8.471E-017   8.063E-013   3.711E-009   7.894E-006   4.347E-003   9.956E-001
 8.76   8.083E-079   9.955E-071   8.234E-064   2.360E-057   3.275E-051   2.038E-045   1.353E-039   1.885E-034   1.286E-029   4.081E-025   7.839E-021   9.766E-017   9.056E-013   4.058E-009   8.408E-006   4.480E-003   9.955E-001
 8.75   1.204E-078   1.467E-070   1.196E-063   3.344E-057   4.527E-051   2.747E-045   1.777E-039   2.413E-034   1.605E-029   4.958E-025   9.278E-021   1.126E-016   1.017E-012   4.437E-009   8.955E-006   4.616E-003   9.954E-001
 8.74   1.793E-078   2.163E-070   1.737E-063   4.738E-057   6.257E-051   3.703E-045   2.335E-039   3.088E-034   2.001E-029   6.024E-025   1.098E-020   1.298E-016   1.142E-012   4.852E-009   9.537E-006   4.757E-003   9.952E-001
 8.73   2.672E-078   3.188E-070   2.523E-063   6.712E-057   8.647E-051   4.992E-045   3.068E-039   3.953E-034   2.496E-029   7.319E-025   1.299E-020   1.496E-016   1.282E-012   5.305E-009   1.016E-005   4.902E-003   9.951E-001
 8.72   3.980E-078   4.699E-070   3.664E-063   9.510E-057   1.195E-050   6.730E-045   4.031E-039   5.061E-034   3.114E-029   8.894E-025   1.538E-020   1.724E-016   1.440E-012   5.800E-009   1.081E-005   5.051E-003   9.949E-001
 8.71   5.932E-078   6.929E-070   5.321E-063   1.348E-056   1.652E-050   9.074E-045   5.297E-039   6.480E-034   3.884E-029   1.081E-024   1.820E-020   1.988E-016   1.617E-012   6.341E-009   1.152E-005   5.204E-003   9.948E-001
 8.70   8.844E-078   1.022E-069   7.730E-063   1.910E-056   2.284E-050   1.224E-044   6.962E-039   8.298E-034   4.846E-029   1.313E-024   2.155E-020   2.291E-016   1.815E-012   6.932E-009   1.226E-005   5.362E-003   9.946E-001
 8.69   1.319E-077   1.507E-069   1.123E-062   2.707E-056   3.159E-050   1.650E-044   9.151E-039   1.063E-033   6.046E-029   1.596E-024   2.550E-020   2.641E-016   2.038E-012   7.578E-009   1.305E-005   5.525E-003   9.945E-001
 8.68   1.968E-077   2.225E-069   1.632E-062   3.838E-056   4.368E-050   2.226E-044   1.203E-038   1.362E-033   7.545E-029   1.940E-024   3.019E-020   3.045E-016   2.289E-012   8.283E-009   1.390E-005   5.693E-003   9.943E-001
 8.67   2.938E-077   3.284E-069   2.372E-062   5.442E-056   6.043E-050   3.004E-044   1.582E-038   1.744E-033   9.416E-029   2.358E-024   3.574E-020   3.510E-016   2.570E-012   9.054E-009   1.479E-005   5.865E-003   9.941E-001
 8.66   4.387E-077   4.850E-069   3.449E-062   7.719E-056   8.361E-050   4.053E-044   2.080E-038   2.235E-033   1.175E-028   2.867E-024   4.232E-020   4.046E-016   2.886E-012   9.896E-009   1.574E-005   6.042E-003   9.939E-001
 8.65   6.554E-077   7.164E-069   5.015E-062   1.095E-055   1.157E-049   5.471E-044   2.736E-038   2.865E-033   1.467E-028   3.486E-024   5.010E-020   4.665E-016   3.240E-012   1.082E-008   1.676E-005   6.225E-003   9.938E-001
 8.64   9.795E-077   1.059E-068   7.294E-062   1.554E-055   1.601E-049   7.384E-044   3.599E-038   3.672E-033   1.831E-028   4.238E-024   5.932E-020   5.379E-016   3.638E-012   1.182E-008   1.783E-005   6.412E-003   9.936E-001
 8.63   1.464E-076   1.564E-068   1.061E-061   2.205E-055   2.217E-049   9.969E-044   4.735E-038   4.707E-033   2.287E-028   5.153E-024   7.024E-020   6.201E-016   4.085E-012   1.292E-008   1.898E-005   6.605E-003   9.934E-001
 8.62   2.190E-076   2.313E-068   1.544E-061   3.129E-055   3.069E-049   1.346E-043   6.230E-038   6.034E-033   2.855E-028   6.266E-024   8.317E-020   7.150E-016   4.587E-012   1.412E-008   2.020E-005   6.803E-003   9.932E-001
 8.61   3.276E-076   3.420E-068   2.246E-061   4.441E-055   4.250E-049   1.818E-043   8.198E-038   7.736E-033   3.565E-028   7.620E-024   9.849E-020   8.243E-016   5.150E-012   1.543E-008   2.149E-005   7.007E-003   9.930E-001
 8.60   4.903E-076   5.058E-068   3.269E-061   6.305E-055   5.885E-049   2.455E-043   1.079E-037   9.919E-033   4.452E-028   9.266E-024   1.166E-019   9.504E-016   5.781E-012   1.687E-008   2.287E-005   7.216E-003   9.928E-001
 8.59   7.338E-076   7.481E-068   4.758E-061   8.952E-055   8.150E-049   3.316E-043   1.420E-037   1.272E-032   5.560E-028   1.127E-023   1.381E-019   1.096E-015   6.490E-012   1.843E-008   2.433E-005   7.432E-003   9.925E-001
 8.58   1.099E-075   1.107E-067   6.926E-061   1.271E-054   1.129E-048   4.479E-043   1.869E-037   1.631E-032   6.945E-028   1.371E-023   1.635E-019   1.263E-015   7.286E-012   2.014E-008   2.589E-005   7.655E-003   9.923E-001
 8.57   1.646E-075   1.638E-067   1.008E-060   1.806E-054   1.564E-048   6.053E-043   2.461E-037   2.092E-032   8.676E-028   1.667E-023   1.937E-019   1.456E-015   8.179E-012   2.201E-008   2.754E-005   7.884E-003   9.921E-001
 8.56   2.466E-075   2.425E-067   1.469E-060   2.566E-054   2.168E-048   8.181E-043   3.242E-037   2.684E-032   1.084E-027   2.029E-023   2.294E-019   1.679E-015   9.183E-012   2.405E-008   2.930E-005   8.119E-003   9.919E-001
 8.55   3.698E-075   3.593E-067   2.140E-060   3.646E-054   3.005E-048   1.106E-042   4.271E-037   3.445E-032   1.355E-027   2.469E-023   2.718E-019   1.937E-015   1.031E-011   2.628E-008   3.117E-005   8.362E-003   9.916E-001
 8.54   5.548E-075   5.325E-067   3.119E-060   5.184E-054   4.168E-048   1.496E-042   5.628E-037   4.422E-032   1.694E-027   3.005E-023   3.221E-019   2.234E-015   1.158E-011   2.872E-008   3.317E-005   8.611E-003   9.914E-001
 8.53   8.328E-075   7.895E-067   4.547E-060   7.373E-054   5.783E-048   2.024E-042   7.419E-037   5.678E-032   2.118E-027   3.659E-023   3.818E-019   2.577E-015   1.300E-011   3.138E-008   3.529E-005   8.868E-003   9.911E-001
 8.52   1.251E-074   1.171E-066   6.632E-060   1.049E-053   8.025E-048   2.739E-042   9.783E-037   7.293E-032   2.649E-027   4.455E-023   4.526E-019   2.974E-015   1.461E-011   3.430E-008   3.754E-005   9.132E-003   9.908E-001
 8.51   1.880E-074   1.738E-066   9.674E-060   1.493E-053   1.114E-047   3.707E-042   1.290E-036   9.368E-032   3.314E-027   5.426E-023   5.366E-019   3.431E-015   1.641E-011   3.749E-008   3.995E-005   9.405E-003   9.906E-001
 8.50   2.826E-074   2.580E-066   1.412E-059   2.125E-053   1.547E-047   5.018E-042   1.702E-036   1.204E-031   4.146E-027   6.609E-023   6.362E-019   3.960E-015   1.843E-011   4.098E-008   4.250E-005   9.685E-003   9.903E-001
 8.49   4.249E-074   3.830E-066   2.060E-059   3.024E-053   2.147E-047   6.795E-042   2.245E-036   1.547E-031   5.187E-027   8.050E-023   7.543E-019   4.569E-015   2.070E-011   4.479E-008   4.523E-005   9.974E-003   9.900E-001
 8.48   6.391E-074   5.687E-066   3.006E-059   4.306E-053   2.982E-047   9.202E-042   2.962E-036   1.988E-031   6.491E-027   9.806E-023   8.943E-019   5.272E-015   2.326E-011   4.896E-008   4.812E-005   1.027E-002   9.897E-001
 8.47   9.617E-074   8.448E-066   4.389E-059   6.132E-053   4.143E-047   1.246E-041   3.909E-036   2.555E-031   8.124E-027   1.195E-022   1.061E-018   6.084E-015   2.613E-011   5.353E-008   5.120E-005   1.058E-002   9.894E-001
 8.46   1.448E-073   1.255E-065   6.410E-059   8.736E-053   5.756E-047   1.689E-041   5.160E-036   3.285E-031   1.017E-026   1.456E-022   1.258E-018   7.022E-015   2.935E-011   5.852E-008   5.448E-005   1.089E-002   9.891E-001
 8.45   2.181E-073   1.866E-065   9.364E-059   1.245E-052   8.001E-047   2.289E-041   6.814E-036   4.225E-031   1.273E-026   1.774E-022   1.492E-018   8.105E-015   3.298E-011   6.397E-008   5.798E-005   1.122E-002   9.887E-001
 8.44   3.288E-073   2.776E-065   1.369E-058   1.775E-052   1.113E-046   3.104E-041   9.002E-036   5.436E-031   1.595E-026   2.163E-022   1.770E-018   9.356E-015   3.706E-011   6.993E-008   6.169E-005   1.155E-002   9.884E-001
 8.43   4.959E-073   4.131E-065   2.001E-058   2.531E-052   1.548E-046   4.210E-041   1.190E-035   6.996E-031   1.998E-026   2.638E-022   2.100E-018   1.080E-014   4.164E-011   7.646E-008   6.565E-005   1.190E-002   9.880E-001
 8.42   7.483E-073   6.151E-065   2.927E-058   3.611E-052   2.153E-046   5.713E-041   1.572E-035   9.006E-031   2.503E-026   3.217E-022   2.493E-018   1.247E-014   4.680E-011   8.359E-008   6.986E-005   1.226E-002   9.877E-001
 8.41   1.130E-072   9.163E-065   4.282E-058   5.153E-052   2.997E-046   7.754E-041   2.079E-035   1.160E-030   3.138E-026   3.924E-022   2.959E-018   1.441E-014   5.260E-011   9.140E-008   7.434E-005   1.262E-002   9.873E-001
 8.40   1.707E-072   1.365E-064   6.266E-058   7.356E-052   4.173E-046   1.053E-040   2.750E-035   1.493E-030   3.933E-026   4.787E-022   3.513E-018   1.664E-014   5.913E-011   9.995E-008   7.913E-005   1.300E-002   9.869E-001
 8.39   2.580E-072   2.036E-064   9.173E-058   1.050E-051   5.811E-046   1.429E-040   3.637E-035   1.924E-030   4.932E-026   5.842E-022   4.171E-018   1.922E-014   6.647E-011   1.093E-007   8.422E-005   1.339E-002   9.865E-001
 8.38   3.903E-072   3.036E-064   1.343E-057   1.500E-051   8.096E-046   1.941E-040   4.813E-035   2.479E-030   6.187E-026   7.131E-022   4.954E-018   2.221E-014   7.474E-011   1.196E-007   8.965E-005   1.379E-002   9.861E-001
 8.37   5.906E-072   4.531E-064   1.968E-057   2.144E-051   1.128E-045   2.638E-040   6.370E-035   3.195E-030   7.762E-026   8.707E-022   5.885E-018   2.567E-014   8.404E-011   1.308E-007   9.544E-005   1.421E-002   9.857E-001
 8.36   8.944E-072   6.765E-064   2.884E-057   3.064E-051   1.573E-045   3.586E-040   8.434E-035   4.120E-030   9.743E-026   1.063E-021   6.993E-018   2.966E-014   9.452E-011   1.431E-007   1.016E-004   1.463E-002   9.853E-001
 8.35   1.355E-071   1.011E-063   4.229E-057   4.383E-051   2.195E-045   4.878E-040   1.117E-034   5.315E-030   1.223E-025   1.299E-021   8.311E-018   3.430E-014   1.063E-010   1.566E-007   1.082E-004   1.508E-002   9.848E-001
 8.34   2.056E-071   1.511E-063   6.206E-057   6.273E-051   3.063E-045   6.638E-040   1.481E-034   6.859E-030   1.536E-025   1.588E-021   9.882E-018   3.966E-014   1.196E-010   1.714E-007   1.152E-004   1.553E-002   9.844E-001
 8.33   3.120E-071   2.260E-063   9.111E-057   8.983E-051   4.278E-045   9.039E-040   1.964E-034   8.856E-030   1.931E-025   1.941E-021   1.175E-017   4.588E-014   1.347E-010   1.876E-007   1.227E-004   1.600E-002   9.839E-001
 8.32   4.737E-071   3.383E-063   1.338E-056   1.287E-050   5.977E-045   1.231E-039   2.606E-034   1.144E-029   2.427E-025   2.374E-021   1.398E-017   5.307E-014   1.516E-010   2.053E-007   1.307E-004   1.648E-002   9.834E-001
 8.31   7.199E-071   5.066E-063   1.967E-056   1.845E-050   8.355E-045   1.678E-039   3.459E-034   1.478E-029   3.051E-025   2.904E-021   1.663E-017   6.141E-014   1.706E-010   2.248E-007   1.393E-004   1.698E-002   9.829E-001
 8.30   1.095E-070   7.589E-063   2.891E-056   2.644E-050   1.168E-044   2.287E-039   4.591E-034   1.910E-029   3.837E-025   3.553E-021   1.979E-017   7.107E-014   1.921E-010   2.461E-007   1.484E-004   1.750E-002   9.824E-001
 8.29   1.666E-070   1.137E-062   4.250E-056   3.792E-050   1.634E-044   3.118E-039   6.097E-034   2.468E-029   4.826E-025   4.347E-021   2.356E-017   8.225E-014   2.163E-010   2.695E-007   1.581E-004   1.803E-002   9.818E-001
 8.28   2.535E-070   1.705E-062   6.251E-056   5.440E-050   2.285E-044   4.252E-039   8.097E-034   3.191E-029   6.071E-025   5.320E-021   2.804E-017   9.519E-014   2.435E-010   2.951E-007   1.684E-004   1.858E-002   9.813E-001
 8.27   3.862E-070   2.558E-062   9.198E-056   7.806E-050   3.198E-044   5.801E-039   1.076E-033   4.127E-029   7.641E-025   6.512E-021   3.338E-017   1.102E-013   2.742E-010   3.232E-007   1.795E-004   1.915E-002   9.807E-001
 8.26   5.887E-070   3.840E-062   1.354E-055   1.121E-049   4.477E-044   7.918E-039   1.430E-033   5.340E-029   9.619E-025   7.974E-021   3.975E-017   1.276E-013   3.089E-010   3.540E-007   1.913E-004   1.973E-002   9.801E-001
 8.25   8.979E-070   5.768E-062   1.994E-055   1.610E-049   6.272E-044   1.081E-038   1.901E-033   6.912E-029   1.211E-024   9.767E-021   4.735E-017   1.478E-013   3.480E-010   3.879E-007   2.039E-004   2.034E-002   9.795E-001
 8.24   1.371E-069   8.670E-062   2.939E-055   2.314E-049   8.791E-044   1.477E-038   2.530E-033   8.952E-029   1.526E-024   1.197E-020   5.642E-017   1.712E-013   3.921E-010   4.251E-007   2.174E-004   2.096E-002   9.788E-001
 8.23   2.093E-069   1.304E-061   4.335E-055   3.328E-049   1.233E-043   2.020E-038   3.368E-033   1.160E-028   1.924E-024   1.467E-020   6.725E-017   1.984E-013   4.420E-010   4.659E-007   2.318E-004   2.161E-002   9.782E-001
 8.22   3.200E-069   1.962E-061   6.396E-055   4.789E-049   1.730E-043   2.763E-038   4.485E-033   1.503E-028   2.426E-024   1.799E-020   8.019E-017   2.300E-013   4.983E-010   5.107E-007   2.473E-004   2.228E-002   9.775E-001
 8.21   4.894E-069   2.955E-061   9.442E-055   6.894E-049   2.429E-043   3.781E-038   5.976E-033   1.950E-028   3.060E-024   2.207E-020   9.565E-017   2.666E-013   5.619E-010   5.600E-007   2.638E-004   2.297E-002   9.768E-001
 8.20   7.491E-069   4.452E-061   1.394E-054   9.929E-049   3.411E-043   5.176E-038   7.966E-033   2.529E-028   3.861E-024   2.709E-020   1.141E-016   3.092E-013   6.338E-010   6.141E-007   2.814E-004   2.368E-002   9.760E-001
 8.19   1.147E-068   6.710E-061   2.060E-054   1.431E-048   4.793E-043   7.089E-038   1.062E-032   3.282E-028   4.874E-024   3.325E-020   1.362E-016   3.587E-013   7.150E-010   6.736E-007   3.003E-004   2.442E-002   9.753E-001
 8.18   1.759E-068   1.012E-060   3.045E-054   2.062E-048   6.737E-043   9.712E-038   1.417E-032   4.260E-028   6.154E-024   4.083E-020   1.626E-016   4.162E-013   8.068E-010   7.390E-007   3.205E-004   2.518E-002   9.745E-001
 8.17   2.699E-068   1.527E-060   4.504E-054   2.974E-048   9.475E-043   1.331E-037   1.891E-032   5.532E-028   7.774E-024   5.016E-020   1.942E-016   4.830E-013   9.106E-010   8.109E-007   3.421E-004   2.597E-002   9.737E-001
 8.16   4.144E-068   2.307E-060   6.665E-054   4.292E-048   1.333E-042   1.826E-037   2.525E-032   7.188E-028   9.824E-024   6.164E-020   2.319E-016   5.608E-013   1.028E-009   8.900E-007   3.652E-004   2.679E-002   9.728E-001
 8.15   6.369E-068   3.487E-060   9.870E-054   6.198E-048   1.877E-042   2.506E-037   3.374E-032   9.344E-028   1.242E-023   7.577E-020   2.771E-016   6.512E-013   1.161E-009   9.770E-007   3.900E-004   2.763E-002   9.720E-001
 8.14   9.798E-068   5.275E-060   1.463E-053   8.958E-048   2.646E-042   3.442E-037   4.511E-032   1.216E-027   1.571E-023   9.319E-020   3.313E-016   7.564E-013   1.311E-009   1.073E-006   4.166E-004   2.851E-002   9.711E-001
 8.13   1.509E-067   7.987E-060   2.170E-053   1.296E-047   3.731E-042   4.731E-037   6.035E-032   1.582E-027   1.988E-023   1.147E-019   3.962E-016   8.790E-013   1.481E-009   1.178E-006   4.450E-004   2.941E-002   9.701E-001
 8.12   2.325E-067   1.210E-059   3.220E-053   1.875E-047   5.265E-042   6.506E-037   8.079E-032   2.060E-027   2.518E-023   1.411E-019   4.740E-016   1.022E-012   1.674E-009   1.294E-006   4.755E-004   3.034E-002   9.692E-001
 8.11   3.586E-067   1.835E-059   4.782E-053   2.716E-047   7.435E-042   8.953E-037   1.082E-031   2.685E-027   3.189E-023   1.738E-019   5.672E-016   1.188E-012   1.892E-009   1.422E-006   5.083E-004   3.131E-002   9.682E-001
 8.10   5.536E-067   2.785E-059   7.107E-053   3.936E-047   1.050E-041   1.233E-036   1.450E-031   3.500E-027   4.042E-023   2.141E-019   6.790E-016   1.382E-012   2.139E-009   1.563E-006   5.434E-004   3.232E-002   9.671E-001
 8.09   8.551E-067   4.229E-059   1.057E-052   5.706E-047   1.485E-041   1.698E-036   1.944E-031   4.565E-027   5.125E-023   2.639E-019   8.132E-016   1.607E-012   2.419E-009   1.718E-006   5.810E-004   3.336E-002   9.661E-001
 8.08   1.322E-066   6.427E-059   1.572E-052   8.278E-047   2.100E-041   2.340E-036   2.608E-031   5.956E-027   6.501E-023   3.253E-019   9.743E-016   1.871E-012   2.737E-009   1.889E-006   6.214E-004   3.444E-002   9.649E-001
 8.07   2.045E-066   9.772E-059   2.341E-052   1.202E-046   2.971E-041   3.227E-036   3.500E-031   7.775E-027   8.252E-023   4.013E-019   1.168E-015   2.178E-012   3.097E-009   2.078E-006   6.648E-004   3.555E-002   9.638E-001
 8.06   3.167E-066   1.487E-058   3.488E-052   1.745E-046   4.208E-041   4.454E-036   4.700E-031   1.016E-026   1.048E-022   4.953E-019   1.400E-015   2.536E-012   3.506E-009   2.286E-006   7.115E-004   3.671E-002   9.626E-001
 8.05   4.909E-066   2.265E-058   5.199E-052   2.537E-046   5.962E-041   6.150E-036   6.315E-031   1.327E-026   1.331E-022   6.116E-019   1.679E-015   2.955E-012   3.970E-009   2.516E-006   7.616E-004   3.791E-002   9.613E-001
 8.04   7.617E-066   3.452E-058   7.757E-052   3.690E-046   8.455E-041   8.497E-036   8.492E-031   1.736E-026   1.693E-022   7.555E-019   2.016E-015   3.444E-012   4.497E-009   2.770E-006   8.155E-004   3.916E-002   9.600E-001
 8.03   1.183E-065   5.265E-058   1.158E-051   5.371E-046   1.200E-040   1.175E-035   1.143E-030   2.271E-026   2.153E-022   9.339E-019   2.420E-015   4.015E-012   5.096E-009   3.050E-006   8.734E-004   4.045E-002   9.587E-001
 8.02   1.839E-065   8.037E-058   1.730E-051   7.823E-046   1.704E-040   1.626E-035   1.538E-030   2.974E-026   2.740E-022   1.155E-018   2.907E-015   4.684E-012   5.777E-009   3.359E-006   9.357E-004   4.179E-002   9.573E-001
 8.01   2.861E-065   1.228E-057   2.586E-051   1.140E-045   2.421E-040   2.251E-035   2.072E-030   3.896E-026   3.489E-022   1.429E-018   3.493E-015   5.465E-012   6.550E-009   3.701E-006   1.003E-003   4.318E-002   9.558E-001
 8.00   4.455E-065   1.877E-057   3.869E-051   1.663E-045   3.442E-040   3.118E-035   2.793E-030   5.106E-026   4.444E-022   1.768E-018   4.199E-015   6.379E-012   7.430E-009   4.079E-006   1.075E-003   4.462E-002   9.543E-001
 7.99   6.942E-065   2.871E-057   5.790E-051   2.427E-045   4.896E-040   4.321E-035   3.766E-030   6.696E-026   5.664E-022   2.190E-018   5.050E-015   7.448E-012   8.429E-009   4.497E-006   1.153E-003   4.612E-002   9.527E-001
 7.98   1.083E-064   4.396E-057   8.673E-051   3.544E-045   6.970E-040   5.993E-035   5.082E-030   8.785E-026   7.221E-022   2.713E-018   6.076E-015   8.699E-012   9.566E-009   4.960E-006   1.236E-003   4.767E-002   9.511E-001
 7.97   1.690E-064   6.737E-057   1.300E-050   5.179E-045   9.929E-040   8.319E-035   6.863E-030   1.153E-025   9.213E-022   3.362E-018   7.312E-015   1.016E-011   1.086E-008   5.471E-006   1.327E-003   4.929E-002   9.494E-001
 7.96   2.642E-064   1.033E-056   1.951E-050   7.574E-045   1.416E-039   1.156E-034   9.274E-030   1.515E-025   1.176E-021   4.169E-018   8.805E-015   1.188E-011   1.233E-008   6.038E-006   1.424E-003   5.096E-002   9.476E-001
 7.95   4.134E-064   1.587E-056   2.930E-050   1.109E-044   2.020E-039   1.606E-034   1.254E-029   1.992E-025   1.502E-021   5.174E-018   1.061E-014   1.389E-011   1.401E-008   6.665E-006   1.529E-003   5.271E-002   9.458E-001
 7.94   6.477E-064   2.440E-056   4.405E-050   1.625E-044   2.885E-039   2.235E-034   1.698E-029   2.622E-025   1.921E-021   6.423E-018   1.279E-014   1.625E-011   1.592E-008   7.359E-006   1.642E-003   5.452E-002   9.438E-001
 7.93   1.016E-063   3.754E-056   6.629E-050   2.384E-044   4.125E-039   3.113E-034   2.300E-029   3.452E-025   2.458E-021   7.980E-018   1.542E-014   1.902E-011   1.810E-008   8.129E-006   1.764E-003   5.640E-002   9.418E-001
 7.92   1.596E-063   5.783E-056   9.985E-050   3.499E-044   5.902E-039   4.339E-034   3.118E-029   4.550E-025   3.146E-021   9.919E-018   1.861E-014   2.228E-011   2.059E-008   8.982E-006   1.896E-003   5.835E-002   9.397E-001
 7.91   2.509E-063   8.916E-056   1.505E-049   5.141E-044   8.451E-039   6.052E-034   4.230E-029   5.999E-025   4.030E-021   1.234E-017   2.247E-014   2.610E-011   2.343E-008   9.928E-006   2.038E-003   6.038E-002   9.376E-001
 7.90   3.947E-063   1.376E-055   2.270E-049   7.558E-044   1.211E-038   8.447E-034   5.742E-029   7.915E-025   5.165E-021   1.535E-017   2.714E-014   3.058E-011   2.667E-008   1.098E-005   2.192E-003   6.249E-002   9.353E-001
 7.89   6.215E-063   2.124E-055   3.426E-049   1.112E-043   1.736E-038   1.180E-033   7.798E-029   1.045E-024   6.623E-021   1.911E-017   3.279E-014   3.585E-011   3.036E-008   1.214E-005   2.359E-003   6.469E-002   9.329E-001
 7.88   9.793E-063   3.281E-055   5.174E-049   1.637E-043   2.491E-038   1.648E-033   1.060E-028   1.380E-024   8.496E-021   2.380E-017   3.964E-014   4.205E-011   3.458E-008   1.343E-005   2.538E-003   6.698E-002   9.305E-001
 7.87   1.545E-062   5.073E-055   7.820E-049   2.411E-043   3.576E-038   2.305E-033   1.441E-028   1.824E-024   1.091E-020   2.966E-017   4.794E-014   4.933E-011   3.940E-008   1.487E-005   2.733E-003   6.936E-002   9.279E-001
 7.86   2.438E-062   7.851E-055   1.183E-048   3.554E-043   5.138E-038   3.226E-033   1.961E-028   2.412E-024   1.401E-020   3.699E-017   5.801E-014   5.791E-011   4.491E-008   1.646E-005   2.944E-003   7.184E-002   9.252E-001
 7.85   3.854E-062   1.216E-054   1.791E-048   5.245E-043   7.390E-038   4.519E-033   2.671E-028   3.193E-024   1.801E-020   4.615E-017   7.024E-014   6.800E-011   5.121E-008   1.823E-005   3.172E-003   7.441E-002   9.224E-001
 7.84   6.098E-062   1.886E-054   2.714E-048   7.748E-043   1.064E-037   6.336E-033   3.642E-028   4.229E-024   2.316E-020   5.763E-017   8.509E-014   7.990E-011   5.842E-008   2.020E-005   3.419E-003   7.710E-002   9.195E-001
 7.83   9.662E-062   2.929E-054   4.118E-048   1.146E-042   1.533E-037   8.891E-033   4.969E-028   5.606E-024   2.981E-020   7.200E-017   1.031E-013   9.393E-011   6.668E-008   2.240E-005   3.687E-003   7.989E-002   9.164E-001
 7.82   1.532E-061   4.552E-054   6.254E-048   1.695E-042   2.211E-037   1.249E-032   6.786E-028   7.438E-024   3.840E-020   9.002E-017   1.251E-013   1.105E-010   7.614E-008   2.484E-005   3.977E-003   8.280E-002   9.132E-001
 7.81   2.433E-061   7.081E-054   9.506E-048   2.511E-042   3.191E-037   1.756E-032   9.274E-028   9.875E-024   4.950E-020   1.126E-016   1.518E-013   1.300E-010   8.697E-008   2.755E-005   4.292E-003   8.582E-002   9.099E-001
 7.80   3.869E-061   1.103E-053   1.446E-047   3.723E-042   4.610E-037   2.470E-032   1.268E-027   1.312E-023   6.385E-020   1.410E-016   1.843E-013   1.530E-010   9.937E-008   3.057E-005   4.634E-003   8.897E-002   9.064E-001
 7.79   6.156E-061   1.719E-053   2.202E-047   5.525E-042   6.665E-037   3.477E-032   1.736E-027   1.744E-023   8.240E-020   1.765E-016   2.239E-013   1.802E-010   1.136E-007   3.394E-005   5.006E-003   9.225E-002   9.027E-001
 7.78   9.808E-061   2.681E-053   3.355E-047   8.205E-042   9.644E-037   4.899E-032   2.378E-027   2.320E-023   1.064E-019   2.212E-016   2.721E-013   2.123E-010   1.299E-007   3.769E-005   5.408E-003   9.566E-002   8.989E-001
 7.77   1.564E-060   4.187E-053   5.117E-047   1.220E-041   1.397E-036   6.909E-032   3.259E-027   3.089E-023   1.375E-019   2.774E-016   3.309E-013   2.502E-010   1.486E-007   4.187E-005   5.846E-003   9.922E-002   8.949E-001
 7.76   2.498E-060   6.545E-053   7.812E-047   1.814E-041   2.025E-036   9.751E-032   4.471E-027   4.115E-023   1.778E-019   3.480E-016   4.026E-013   2.950E-010   1.701E-007   4.653E-005   6.321E-003   1.029E-001   8.907E-001
 7.75   3.993E-060   1.024E-052   1.194E-046   2.702E-041   2.938E-036   1.378E-031   6.139E-027   5.487E-023   2.301E-019   4.369E-016   4.901E-013   3.480E-010   1.947E-007   5.173E-005   6.838E-003   1.068E-001   8.863E-001
 7.74   6.390E-060   1.605E-052   1.826E-046   4.027E-041   4.266E-036   1.948E-031   8.436E-027   7.322E-023   2.980E-019   5.489E-016   5.969E-013   4.108E-010   2.230E-007   5.753E-005   7.400E-003   1.108E-001   8.817E-001
 7.73   1.024E-059   2.517E-052   2.797E-046   6.009E-041   6.202E-036   2.757E-031   1.160E-026   9.780E-023   3.862E-019   6.899E-016   7.274E-013   4.851E-010   2.555E-007   6.400E-005   8.012E-003   1.150E-001   8.769E-001
 7.72   1.642E-059   3.951E-052   4.288E-046   8.974E-041   9.025E-036   3.905E-031   1.597E-026   1.307E-022   5.009E-019   8.678E-016   8.869E-013   5.730E-010   2.929E-007   7.122E-005   8.677E-003   1.194E-001   8.719E-001
 7.71   2.637E-059   6.210E-052   6.579E-046   1.341E-040   1.314E-035   5.536E-031   2.201E-026   1.749E-022   6.501E-019   1.092E-015   1.082E-012   6.773E-010   3.358E-007   7.928E-005   9.401E-003   1.239E-001   8.666E-001
 7.70   4.240E-059   9.768E-052   1.010E-045   2.007E-040   1.916E-035   7.855E-031   3.034E-026   2.341E-022   8.443E-019   1.375E-015   1.320E-012   8.007E-010   3.852E-007   8.829E-005   1.019E-002   1.286E-001   8.611E-001
 7.69   6.823E-059   1.538E-051   1.553E-045   3.005E-040   2.794E-035   1.115E-030   4.186E-026   3.135E-022   1.097E-018   1.733E-015   1.612E-012   9.471E-010   4.420E-007   9.835E-005   1.105E-002   1.335E-001   8.553E-001
 7.68   1.099E-058   2.424E-051   2.388E-045   4.504E-040   4.079E-035   1.585E-030   5.780E-026   4.203E-022   1.426E-018   2.185E-015   1.970E-012   1.121E-009   5.073E-007   1.096E-004   1.198E-002   1.387E-001   8.493E-001
 7.67   1.772E-058   3.823E-051   3.677E-045   6.756E-040   5.961E-035   2.255E-030   7.987E-026   5.637E-022   1.856E-018   2.756E-015   2.408E-012   1.327E-009   5.825E-007   1.222E-004   1.300E-002   1.440E-001   8.429E-001
 7.66   2.862E-058   6.036E-051   5.667E-045   1.014E-039   8.718E-035   3.209E-030   1.105E-025   7.566E-022   2.416E-018   3.479E-015   2.945E-012   1.571E-009   6.690E-007   1.362E-004   1.411E-002   1.495E-001   8.363E-001
 7.65   4.626E-058   9.541E-051   8.742E-045   1.524E-039   1.276E-034   4.573E-030   1.529E-025   1.016E-021   3.147E-018   4.393E-015   3.603E-012   1.861E-009   7.686E-007   1.519E-004   1.533E-002   1.552E-001   8.293E-001
 7.64   7.486E-058   1.510E-050   1.350E-044   2.293E-039   1.870E-034   6.521E-030   2.118E-025   1.366E-021   4.103E-018   5.551E-015   4.410E-012   2.206E-009   8.834E-007   1.695E-004   1.665E-002   1.612E-001   8.220E-001
 7.63   1.213E-057   2.392E-050   2.086E-044   3.452E-039   2.742E-034   9.307E-030   2.936E-025   1.838E-021   5.352E-018   7.019E-015   5.402E-012   2.615E-009   1.016E-006   1.891E-004   1.809E-002   1.674E-001   8.143E-001
 7.62   1.968E-057   3.792E-050   3.228E-044   5.203E-039   4.025E-034   1.330E-029   4.074E-025   2.475E-021   6.987E-018   8.880E-015   6.619E-012   3.102E-009   1.168E-006   2.111E-004   1.967E-002   1.738E-001   8.063E-001
 7.61   3.196E-057   6.020E-050   4.999E-044   7.849E-039   5.914E-034   1.901E-029   5.657E-025   3.335E-021   9.127E-018   1.124E-014   8.114E-012   3.680E-009   1.343E-006   2.357E-004   2.138E-002   1.805E-001   7.979E-001
 7.60   5.195E-057   9.565E-050   7.748E-044   1.185E-038   8.697E-034   2.720E-029   7.862E-025   4.496E-021   1.193E-017   1.424E-014   9.952E-012   4.369E-009   1.546E-006   2.632E-004   2.326E-002   1.874E-001   7.891E-001
 7.59   8.455E-057   1.521E-049   1.202E-043   1.791E-038   1.280E-033   3.895E-029   1.093E-024   6.067E-021   1.560E-017   1.804E-014   1.221E-011   5.187E-009   1.779E-006   2.940E-004   2.530E-002   1.946E-001   7.798E-001
 7.58   1.377E-056   2.422E-049   1.867E-043   2.708E-038   1.885E-033   5.583E-029   1.522E-024   8.191E-021   2.042E-017   2.288E-014   1.499E-011   6.161E-009   2.048E-006   3.284E-004   2.753E-002   2.020E-001   7.702E-001
 7.57   2.246E-056   3.859E-049   2.901E-043   4.100E-038   2.779E-033   8.007E-029   2.119E-024   1.107E-020   2.675E-017   2.902E-014   1.841E-011   7.320E-009   2.358E-006   3.669E-004   2.996E-002   2.096E-001   7.601E-001
 7.56   3.667E-056   6.155E-049   4.513E-043   6.212E-038   4.100E-033   1.149E-028   2.954E-024   1.496E-020   3.505E-017   3.683E-014   2.262E-011   8.699E-009   2.716E-006   4.100E-004   3.262E-002   2.175E-001   7.495E-001
 7.55   5.993E-056   9.825E-049   7.026E-043   9.419E-038   6.054E-033   1.651E-028   4.120E-024   2.024E-020   4.594E-017   4.676E-014   2.779E-011   1.034E-008   3.128E-006   4.581E-004   3.551E-002   2.256E-001   7.384E-001
 7.54   9.804E-056   1.570E-048   1.095E-042   1.429E-037   8.947E-033   2.373E-028   5.750E-024   2.739E-020   6.025E-017   5.939E-014   3.416E-011   1.229E-008   3.602E-006   5.119E-004   3.867E-002   2.340E-001   7.268E-001
 7.53   1.606E-055   2.511E-048   1.707E-042   2.171E-037   1.323E-032   3.414E-028   8.031E-024   3.710E-020   7.906E-017   7.546E-014   4.200E-011   1.461E-008   4.149E-006   5.720E-004   4.211E-002   2.426E-001   7.147E-001
 7.52   2.632E-055   4.019E-048   2.665E-042   3.300E-037   1.958E-032   4.915E-028   1.122E-023   5.026E-020   1.038E-016   9.590E-014   5.165E-011   1.738E-008   4.779E-006   6.391E-004   4.586E-002   2.514E-001   7.021E-001
 7.51   4.317E-055   6.438E-048   4.162E-042   5.018E-037   2.899E-032   7.079E-028   1.569E-023   6.813E-020   1.363E-016   1.219E-013   6.353E-011   2.066E-008   5.503E-006   7.141E-004   4.994E-002   2.604E-001   6.890E-001
 7.50   7.087E-055   1.032E-047   6.504E-042   7.637E-037   4.296E-032   1.020E-027   2.195E-023   9.240E-020   1.790E-016   1.550E-013   7.816E-011   2.457E-008   6.338E-006   7.977E-004   5.438E-002   2.696E-001   6.752E-001
 7.49   1.164E-054   1.655E-047   1.017E-041   1.163E-036   6.368E-032   1.471E-027   3.072E-023   1.253E-019   2.351E-016   1.972E-013   9.616E-011   2.922E-008   7.297E-006   8.909E-004   5.921E-002   2.790E-001   6.609E-001
 7.48   1.914E-054   2.656E-047   1.591E-041   1.771E-036   9.443E-032   2.121E-027   4.301E-023   1.701E-019   3.090E-016   2.509E-013   1.183E-010   3.474E-008   8.399E-006   9.947E-004   6.446E-002   2.885E-001   6.460E-001
 7.47   3.150E-054   4.265E-047   2.491E-041   2.699E-036   1.401E-031   3.061E-027   6.023E-023   2.309E-019   4.062E-016   3.192E-013   1.456E-010   4.131E-008   9.666E-006   1.110E-003   7.017E-002   2.981E-001   6.306E-001
 7.46   5.185E-054   6.853E-047   3.901E-041   4.116E-036   2.080E-031   4.418E-027   8.438E-023   3.134E-019   5.341E-016   4.061E-013   1.791E-010   4.909E-008   1.112E-005   1.239E-003   7.635E-002   3.078E-001   6.146E-001
 7.45   8.542E-054   1.102E-046   6.112E-041   6.279E-036   3.088E-031   6.381E-027   1.183E-022   4.256E-019   7.022E-016   5.167E-013   2.203E-010   5.834E-008   1.279E-005   1.381E-003   8.305E-002   3.176E-001   5.980E-001
 7.44   1.408E-053   1.772E-046   9.581E-041   9.582E-036   4.588E-031   9.217E-027   1.658E-022   5.781E-019   9.234E-016   6.573E-013   2.709E-010   6.929E-008   1.470E-005   1.540E-003   9.030E-002   3.273E-001   5.808E-001
 7.43   2.322E-053   2.852E-046   1.503E-040   1.463E-035   6.818E-031   1.332E-026   2.324E-022   7.852E-019   1.214E-015   8.360E-013   3.330E-010   8.227E-008   1.689E-005   1.715E-003   9.812E-002   3.370E-001   5.631E-001
 7.42   3.832E-053   4.591E-046   2.357E-040   2.234E-035   1.013E-030   1.925E-026   3.259E-022   1.067E-018   1.596E-015   1.063E-012   4.092E-010   9.763E-008   1.939E-005   1.909E-003   1.066E-001   3.466E-001   5.449E-001
 7.41   6.326E-053   7.393E-046   3.699E-040   3.413E-035   1.507E-030   2.782E-026   4.571E-022   1.449E-018   2.099E-015   1.352E-012   5.028E-010   1.158E-007   2.225E-005   2.123E-003   1.157E-001   3.560E-001   5.262E-001
 7.40   1.045E-052   1.191E-045   5.804E-040   5.214E-035   2.240E-030   4.021E-026   6.410E-022   1.968E-018   2.758E-015   1.718E-012   6.174E-010   1.373E-007   2.551E-005   2.360E-003   1.254E-001   3.652E-001   5.070E-001
 7.39   1.725E-052   1.918E-045   9.108E-040   7.964E-035   3.330E-030   5.812E-026   8.988E-022   2.672E-018   3.624E-015   2.182E-012   7.577E-010   1.626E-007   2.922E-005   2.619E-003   1.359E-001   3.740E-001   4.874E-001
 7.38   2.849E-052   3.089E-045   1.429E-039   1.216E-034   4.950E-030   8.398E-026   1.260E-021   3.627E-018   4.760E-015   2.771E-012   9.292E-010   1.924E-007   3.343E-005   2.905E-003   1.471E-001   3.825E-001   4.675E-001
 7.37   4.707E-052   4.975E-045   2.243E-039   1.858E-034   7.356E-030   1.213E-025   1.766E-021   4.922E-018   6.249E-015   3.516E-012   1.139E-009   2.276E-007   3.822E-005   3.217E-003   1.591E-001   3.905E-001   4.471E-001
 7.36   7.775E-052   8.013E-045   3.518E-039   2.837E-034   1.093E-029   1.752E-025   2.473E-021   6.675E-018   8.198E-015   4.459E-012   1.395E-009   2.689E-007   4.364E-005   3.559E-003   1.718E-001   3.980E-001   4.265E-001
 7.35   1.284E-051   1.290E-044   5.519E-039   4.330E-034   1.623E-029   2.529E-025   3.463E-021   9.048E-018   1.075E-014   5.650E-012   1.706E-009   3.173E-007   4.977E-005   3.932E-003   1.854E-001   4.049E-001   4.057E-001
 7.34   2.121E-051   2.077E-044   8.653E-039   6.607E-034   2.410E-029   3.650E-025   4.847E-021   1.226E-017   1.408E-014   7.153E-012   2.085E-009   3.740E-007   5.668E-005   4.337E-003   1.997E-001   4.111E-001   3.848E-001
 7.33   3.502E-051   3.343E-044   1.356E-038   1.008E-033   3.577E-029   5.264E-025   6.779E-021   1.659E-017   1.842E-014   9.046E-012   2.546E-009   4.402E-007   6.446E-005   4.777E-003   2.149E-001   4.165E-001   3.637E-001
 7.32   5.781E-051   5.378E-044   2.125E-038   1.537E-033   5.306E-029   7.587E-025   9.476E-021   2.244E-017   2.409E-014   1.143E-011   3.104E-009   5.176E-007   7.320E-005   5.254E-003   2.309E-001   4.211E-001   3.427E-001
 7.31   9.538E-051   8.647E-044   3.328E-038   2.341E-033   7.865E-029   1.093E-024   1.323E-020   3.032E-017   3.147E-014   1.442E-011   3.780E-009   6.076E-007   8.299E-005   5.768E-003   2.477E-001   4.246E-001   3.219E-001
 7.30   1.573E-050   1.390E-043   5.209E-038   3.566E-033   1.165E-028   1.573E-024   1.847E-020   4.094E-017   4.107E-014   1.818E-011   4.597E-009   7.123E-007   9.394E-005   6.321E-003   2.652E-001   4.272E-001   3.012E-001
 7.29   2.593E-050   2.232E-043   8.147E-038   5.427E-033   1.725E-028   2.263E-024   2.576E-020   5.524E-017   5.356E-014   2.289E-011   5.585E-009   8.338E-007   1.062E-004   6.915E-003   2.836E-001   4.286E-001   2.808E-001
 7.28   4.272E-050   3.584E-043   1.274E-037   8.253E-033   2.552E-028   3.252E-024   3.590E-020   7.445E-017   6.976E-014   2.879E-011   6.774E-009   9.745E-007   1.198E-004   7.550E-003   3.026E-001   4.290E-001   2.608E-001
 7.27   7.035E-050   5.749E-043   1.989E-037   1.254E-032   3.773E-028   4.671E-024   4.998E-020   1.002E-016   9.078E-014   3.616E-011   8.206E-009   1.137E-006   1.349E-004   8.228E-003   3.224E-001   4.281E-001   2.412E-001
 7.26   1.158E-049   9.217E-043   3.105E-037   1.905E-032   5.572E-028   6.702E-024   6.953E-020   1.348E-016   1.180E-013   4.536E-011   9.926E-009   1.325E-006   1.516E-004   8.947E-003   3.427E-001   4.260E-001   2.222E-001
 7.25   1.904E-049   1.477E-042   4.844E-037   2.891E-032   8.224E-028   9.609E-024   9.662E-020   1.812E-016   1.531E-013   5.682E-011   1.199E-008   1.541E-006   1.700E-004   9.709E-003   3.636E-001   4.226E-001   2.039E-001
