 9.00   0.000E+000   0.000E+000   0.000E+000   0.000E+000   0.000E+000   4.140E-017   0.000E+000   0.000E+000   0.000E+000   0.000E+000   2.882E-015   5.333E-011   4.206E-007   9.964E-004   9.990E-001
 8.99   4.467E-071   9.100E-063   2.132E-055   2.487E-049   8.448E-043   2.874E-037   1.417E-034   9.108E-030   1.176E-024   7.449E-020   3.159E-015   5.841E-011   4.489E-007   1.028E-003   9.990E-001
 8.98   3.497E-076   7.249E-068   2.017E-060   8.366E-054   5.177E-047   7.788E-041   5.259E-035   1.106E-029   1.392E-024   8.595E-020   3.553E-015   6.398E-011   4.790E-007   1.062E-003   9.989E-001
 8.97   5.060E-076   1.025E-067   2.782E-060   1.126E-053   6.794E-047   9.962E-041   6.558E-035   1.344E-029   1.648E-024   9.916E-020   3.994E-015   7.007E-011   5.111E-007   1.096E-003   9.989E-001
 8.96   7.322E-076   1.448E-067   3.837E-060   1.515E-053   8.915E-047   1.274E-040   8.176E-035   1.633E-029   1.951E-024   1.144E-019   4.490E-015   7.673E-011   5.453E-007   1.131E-003   9.989E-001
 8.95   1.059E-075   2.046E-067   5.290E-060   2.037E-053   1.170E-046   1.629E-040   1.019E-034   1.983E-029   2.309E-024   1.319E-019   5.047E-015   8.400E-011   5.816E-007   1.167E-003   9.988E-001
 8.94   1.532E-075   2.889E-067   7.292E-060   2.740E-053   1.534E-046   2.082E-040   1.270E-034   2.408E-029   2.733E-024   1.521E-019   5.671E-015   9.195E-011   6.202E-007   1.203E-003   9.988E-001
 8.93   2.213E-075   4.078E-067   1.005E-059   3.682E-053   2.011E-046   2.660E-040   1.582E-034   2.923E-029   3.233E-024   1.754E-019   6.370E-015   1.006E-010   6.612E-007   1.241E-003   9.988E-001
 8.92   3.198E-075   5.755E-067   1.384E-059   4.948E-053   2.635E-046   3.398E-040   1.970E-034   3.548E-029   3.825E-024   2.022E-019   7.155E-015   1.101E-010   7.049E-007   1.280E-003   9.987E-001
 8.91   4.619E-075   8.119E-067   1.905E-059   6.647E-053   3.453E-046   4.340E-040   2.453E-034   4.305E-029   4.523E-024   2.330E-019   8.035E-015   1.204E-010   7.512E-007   1.320E-003   9.987E-001
 8.90   6.670E-075   1.145E-066   2.623E-059   8.928E-053   4.524E-046   5.542E-040   3.054E-034   5.223E-029   5.348E-024   2.684E-019   9.021E-015   1.317E-010   8.004E-007   1.361E-003   9.986E-001
 8.89   9.631E-075   1.615E-066   3.610E-059   1.199E-052   5.925E-046   7.075E-040   3.801E-034   6.336E-029   6.322E-024   3.092E-019   1.013E-014   1.440E-010   8.526E-007   1.403E-003   9.986E-001
 8.88   1.390E-074   2.278E-066   4.969E-059   1.610E-052   7.761E-046   9.032E-040   4.731E-034   7.684E-029   7.472E-024   3.561E-019   1.137E-014   1.574E-010   9.080E-007   1.446E-003   9.986E-001
 8.87   2.007E-074   3.212E-066   6.838E-059   2.161E-052   1.016E-045   1.153E-039   5.887E-034   9.317E-029   8.831E-024   4.100E-019   1.275E-014   1.721E-010   9.669E-007   1.490E-003   9.985E-001
 8.86   2.897E-074   4.528E-066   9.409E-059   2.902E-052   1.331E-045   1.472E-039   7.325E-034   1.130E-028   1.043E-023   4.721E-019   1.431E-014   1.880E-010   1.029E-006   1.535E-003   9.985E-001
 8.85   4.181E-074   6.384E-066   1.295E-058   3.895E-052   1.743E-045   1.878E-039   9.114E-034   1.369E-028   1.233E-023   5.434E-019   1.605E-014   2.055E-010   1.096E-006   1.582E-003   9.984E-001
 8.84   6.034E-074   8.999E-066   1.781E-058   5.228E-052   2.282E-045   2.397E-039   1.134E-033   1.660E-028   1.456E-023   6.255E-019   1.801E-014   2.245E-010   1.167E-006   1.630E-003   9.984E-001
 8.83   8.707E-074   1.269E-065   2.451E-058   7.016E-052   2.987E-045   3.058E-039   1.410E-033   2.012E-028   1.720E-023   7.198E-019   2.019E-014   2.452E-010   1.242E-006   1.679E-003   9.983E-001
 8.82   1.256E-073   1.788E-065   3.371E-058   9.417E-052   3.910E-045   3.902E-039   1.754E-033   2.438E-028   2.031E-023   8.283E-019   2.264E-014   2.678E-010   1.321E-006   1.730E-003   9.983E-001
 8.81   1.813E-073   2.520E-065   4.637E-058   1.264E-051   5.118E-045   4.978E-039   2.182E-033   2.954E-028   2.398E-023   9.531E-019   2.539E-014   2.925E-010   1.406E-006   1.782E-003   9.982E-001
 8.80   2.616E-073   3.552E-065   6.379E-058   1.696E-051   6.700E-045   6.351E-039   2.713E-033   3.580E-028   2.832E-023   1.097E-018   2.847E-014   3.195E-010   1.495E-006   1.835E-003   9.982E-001
 8.79   3.775E-073   5.007E-065   8.775E-058   2.276E-051   8.770E-045   8.102E-039   3.375E-033   4.338E-028   3.344E-023   1.262E-018   3.192E-014   3.489E-010   1.591E-006   1.889E-003   9.981E-001
 8.78   5.446E-073   7.056E-065   1.207E-057   3.054E-051   1.148E-044   1.034E-038   4.197E-033   5.257E-028   3.949E-023   1.452E-018   3.578E-014   3.809E-010   1.692E-006   1.945E-003   9.981E-001
 8.77   7.857E-073   9.944E-065   1.660E-057   4.098E-051   1.502E-044   1.319E-038   5.220E-033   6.369E-028   4.663E-023   1.670E-018   4.011E-014   4.159E-010   1.799E-006   2.002E-003   9.980E-001
 8.76   1.133E-072   1.401E-064   2.283E-057   5.499E-051   1.966E-044   1.682E-038   6.491E-033   7.717E-028   5.505E-023   1.921E-018   4.496E-014   4.540E-010   1.913E-006   2.061E-003   9.979E-001
 8.75   1.635E-072   1.974E-064   3.140E-057   7.377E-051   2.573E-044   2.145E-038   8.071E-033   9.349E-028   6.499E-023   2.210E-018   5.038E-014   4.955E-010   2.033E-006   2.122E-003   9.979E-001
 8.74   2.357E-072   2.780E-064   4.317E-057   9.895E-051   3.366E-044   2.736E-038   1.003E-032   1.132E-027   7.671E-023   2.541E-018   5.645E-014   5.407E-010   2.162E-006   2.184E-003   9.978E-001
 8.73   3.399E-072   3.916E-064   5.935E-057   1.327E-050   4.404E-044   3.488E-038   1.247E-032   1.372E-027   9.053E-023   2.922E-018   6.325E-014   5.900E-010   2.298E-006   2.249E-003   9.977E-001
 8.72   4.900E-072   5.515E-064   8.159E-057   1.780E-050   5.762E-044   4.448E-038   1.550E-032   1.661E-027   1.068E-022   3.360E-018   7.086E-014   6.438E-010   2.443E-006   2.315E-003   9.977E-001
 8.71   7.066E-072   7.768E-064   1.122E-056   2.388E-050   7.540E-044   5.673E-038   1.927E-032   2.012E-027   1.261E-022   3.863E-018   7.938E-014   7.024E-010   2.596E-006   2.383E-003   9.976E-001
 8.70   1.019E-071   1.094E-063   1.543E-056   3.204E-050   9.867E-044   7.236E-038   2.396E-032   2.437E-027   1.488E-022   4.442E-018   8.893E-014   7.663E-010   2.759E-006   2.453E-003   9.975E-001
 8.69   1.470E-071   1.542E-063   2.122E-056   4.299E-050   1.291E-043   9.231E-038   2.979E-032   2.953E-027   1.757E-022   5.108E-018   9.964E-014   8.360E-010   2.933E-006   2.525E-003   9.975E-001
 8.68   2.121E-071   2.173E-063   2.919E-056   5.770E-050   1.691E-043   1.178E-037   3.705E-032   3.578E-027   2.074E-022   5.874E-018   1.116E-013   9.122E-010   3.117E-006   2.598E-003   9.974E-001
 8.67   3.061E-071   3.063E-063   4.016E-056   7.746E-050   2.214E-043   1.503E-037   4.609E-032   4.336E-027   2.449E-022   6.756E-018   1.251E-013   9.952E-010   3.312E-006   2.674E-003   9.973E-001
 8.66   4.418E-071   4.319E-063   5.527E-056   1.040E-049   2.899E-043   1.918E-037   5.734E-032   5.256E-027   2.891E-022   7.771E-018   1.402E-013   1.086E-009   3.519E-006   2.752E-003   9.972E-001
 8.65   6.379E-071   6.092E-063   7.609E-056   1.397E-049   3.798E-043   2.449E-037   7.135E-032   6.371E-027   3.414E-022   8.940E-018   1.571E-013   1.185E-009   3.739E-006   2.831E-003   9.972E-001
 8.64   9.211E-071   8.593E-063   1.048E-055   1.876E-049   4.975E-043   3.127E-037   8.880E-032   7.723E-027   4.032E-022   1.028E-017   1.760E-013   1.293E-009   3.972E-006   2.914E-003   9.971E-001
 8.63   1.330E-070   1.212E-062   1.442E-055   2.520E-049   6.518E-043   3.992E-037   1.105E-031   9.363E-027   4.762E-022   1.183E-017   1.973E-013   1.411E-009   4.220E-006   2.998E-003   9.970E-001
 8.62   1.921E-070   1.710E-062   1.986E-055   3.386E-049   8.541E-043   5.098E-037   1.375E-031   1.135E-026   5.625E-022   1.361E-017   2.211E-013   1.539E-009   4.483E-006   3.085E-003   9.969E-001
 8.61   2.775E-070   2.413E-062   2.735E-055   4.549E-049   1.119E-042   6.511E-037   1.712E-031   1.376E-026   6.644E-022   1.566E-017   2.477E-013   1.679E-009   4.762E-006   3.174E-003   9.968E-001
 8.60   4.008E-070   3.405E-062   3.766E-055   6.111E-049   1.466E-042   8.314E-037   2.130E-031   1.668E-026   7.846E-022   1.801E-017   2.776E-013   1.832E-009   5.058E-006   3.267E-003   9.967E-001
 8.59   5.789E-070   4.803E-062   5.186E-055   8.209E-049   1.921E-042   1.062E-036   2.651E-031   2.022E-026   9.266E-022   2.072E-017   3.110E-013   1.998E-009   5.374E-006   3.361E-003   9.966E-001
 8.58   8.360E-070   6.776E-062   7.141E-055   1.103E-048   2.517E-042   1.355E-036   3.299E-031   2.451E-026   1.094E-021   2.383E-017   3.484E-013   2.180E-009   5.708E-006   3.459E-003   9.965E-001
 8.57   1.207E-069   9.560E-062   9.834E-055   1.482E-048   3.298E-042   1.731E-036   4.105E-031   2.972E-026   1.292E-021   2.741E-017   3.904E-013   2.378E-009   6.064E-006   3.559E-003   9.964E-001
 8.56   1.744E-069   1.349E-061   1.355E-054   1.991E-048   4.323E-042   2.211E-036   5.110E-031   3.603E-026   1.526E-021   3.152E-017   4.374E-013   2.594E-009   6.441E-006   3.663E-003   9.963E-001
 8.55   2.521E-069   1.904E-061   1.866E-054   2.676E-048   5.668E-042   2.824E-036   6.362E-031   4.370E-026   1.803E-021   3.627E-017   4.901E-013   2.829E-009   6.842E-006   3.769E-003   9.962E-001
 8.54   3.644E-069   2.689E-061   2.573E-054   3.599E-048   7.434E-042   3.610E-036   7.925E-031   5.302E-026   2.131E-021   4.174E-017   5.493E-013   3.087E-009   7.267E-006   3.878E-003   9.961E-001
 8.53   5.270E-069   3.799E-061   3.547E-054   4.842E-048   9.753E-042   4.615E-036   9.874E-031   6.435E-026   2.518E-021   4.804E-017   6.157E-013   3.368E-009   7.719E-006   3.990E-003   9.960E-001
 8.52   7.623E-069   5.367E-061   4.893E-054   6.515E-048   1.280E-041   5.902E-036   1.231E-030   7.811E-026   2.977E-021   5.529E-017   6.902E-013   3.674E-009   8.198E-006   4.105E-003   9.959E-001
 8.51   1.103E-068   7.586E-061   6.750E-054   8.769E-048   1.680E-041   7.549E-036   1.534E-030   9.483E-026   3.520E-021   6.365E-017   7.737E-013   4.009E-009   8.707E-006   4.224E-003   9.958E-001
 8.50   1.596E-068   1.072E-060   9.314E-054   1.181E-047   2.206E-041   9.658E-036   1.912E-030   1.151E-025   4.161E-021   7.328E-017   8.674E-013   4.374E-009   9.247E-006   4.346E-003   9.956E-001
 8.49   2.311E-068   1.516E-060   1.285E-053   1.589E-047   2.896E-041   1.236E-035   2.383E-030   1.398E-025   4.920E-021   8.435E-017   9.723E-013   4.773E-009   9.821E-006   4.471E-003   9.955E-001
 8.48   3.345E-068   2.144E-060   1.774E-053   2.140E-047   3.803E-041   1.581E-035   2.971E-030   1.697E-025   5.817E-021   9.711E-017   1.090E-012   5.207E-009   1.043E-005   4.600E-003   9.954E-001
 8.47   4.844E-068   3.033E-060   2.449E-053   2.882E-047   4.994E-041   2.023E-035   3.704E-030   2.060E-025   6.878E-021   1.118E-016   1.222E-012   5.681E-009   1.108E-005   4.733E-003   9.953E-001
 8.46   7.017E-068   4.291E-060   3.382E-053   3.882E-047   6.560E-041   2.589E-035   4.619E-030   2.502E-025   8.133E-021   1.287E-016   1.370E-012   6.199E-009   1.177E-005   4.870E-003   9.951E-001
 8.45   1.017E-067   6.072E-060   4.671E-053   5.230E-047   8.618E-041   3.314E-035   5.761E-030   3.039E-025   9.619E-021   1.482E-016   1.536E-012   6.764E-009   1.250E-005   5.011E-003   9.950E-001
 8.44   1.473E-067   8.595E-060   6.452E-053   7.048E-047   1.133E-040   4.244E-035   7.186E-030   3.691E-025   1.138E-020   1.707E-016   1.722E-012   7.382E-009   1.328E-005   5.157E-003   9.948E-001
 8.43   2.135E-067   1.217E-059   8.916E-053   9.501E-047   1.489E-040   5.435E-035   8.967E-030   4.486E-025   1.346E-020   1.966E-016   1.931E-012   8.057E-009   1.411E-005   5.307E-003   9.947E-001
 8.42   3.095E-067   1.723E-059   1.232E-052   1.281E-046   1.958E-040   6.964E-035   1.119E-029   5.452E-025   1.593E-020   2.264E-016   2.166E-012   8.795E-009   1.499E-005   5.461E-003   9.945E-001
 8.41   4.488E-067   2.441E-059   1.704E-052   1.728E-046   2.575E-040   8.924E-035   1.397E-029   6.627E-025   1.885E-020   2.609E-016   2.430E-012   9.601E-009   1.593E-005   5.620E-003   9.944E-001
 8.40   6.509E-067   3.458E-059   2.356E-052   2.331E-046   3.387E-040   1.144E-034   1.745E-029   8.058E-025   2.231E-020   3.006E-016   2.726E-012   1.048E-008   1.692E-005   5.784E-003   9.942E-001
 8.39   9.443E-067   4.900E-059   3.259E-052   3.146E-046   4.457E-040   1.466E-034   2.179E-029   9.800E-025   2.642E-020   3.464E-016   3.058E-012   1.144E-008   1.798E-005   5.952E-003   9.940E-001
 8.38   1.370E-066   6.944E-059   4.509E-052   4.246E-046   5.867E-040   1.880E-034   2.722E-029   1.192E-024   3.128E-020   3.992E-016   3.431E-012   1.249E-008   1.911E-005   6.124E-003   9.939E-001
 8.37   1.989E-066   9.846E-059   6.241E-052   5.733E-046   7.724E-040   2.412E-034   3.401E-029   1.450E-024   3.704E-020   4.601E-016   3.849E-012   1.364E-008   2.030E-005   6.302E-003   9.937E-001
 8.36   2.888E-066   1.396E-058   8.640E-052   7.743E-046   1.017E-039   3.094E-034   4.250E-029   1.764E-024   4.387E-020   5.303E-016   4.319E-012   1.488E-008   2.157E-005   6.484E-003   9.935E-001
 8.35   4.195E-066   1.981E-058   1.197E-051   1.046E-045   1.340E-039   3.971E-034   5.311E-029   2.147E-024   5.196E-020   6.113E-016   4.846E-012   1.625E-008   2.291E-005   6.672E-003   9.933E-001
 8.34   6.096E-066   2.812E-058   1.658E-051   1.413E-045   1.765E-039   5.097E-034   6.639E-029   2.613E-024   6.154E-020   7.046E-016   5.437E-012   1.774E-008   2.435E-005   6.865E-003   9.931E-001
 8.33   8.863E-066   3.993E-058   2.297E-051   1.911E-045   2.326E-039   6.543E-034   8.301E-029   3.180E-024   7.289E-020   8.122E-016   6.100E-012   1.936E-008   2.587E-005   7.063E-003   9.929E-001
 8.32   1.289E-065   5.672E-058   3.185E-051   2.583E-045   3.067E-039   8.403E-034   1.038E-028   3.871E-024   8.635E-020   9.364E-016   6.845E-012   2.114E-008   2.749E-005   7.268E-003   9.927E-001
 8.31   1.875E-065   8.059E-058   4.416E-051   3.494E-045   4.045E-039   1.079E-033   1.299E-028   4.714E-024   1.023E-019   1.080E-015   7.683E-012   2.309E-008   2.921E-005   7.479E-003   9.925E-001
 8.30   2.729E-065   1.145E-057   6.127E-051   4.728E-045   5.336E-039   1.387E-033   1.625E-028   5.742E-024   1.213E-019   1.245E-015   8.625E-012   2.521E-008   3.104E-005   7.697E-003   9.923E-001
 8.29   3.973E-065   1.629E-057   8.502E-051   6.401E-045   7.042E-039   1.783E-033   2.034E-028   6.997E-024   1.439E-019   1.437E-015   9.686E-012   2.755E-008   3.300E-005   7.922E-003   9.920E-001
 8.28   5.786E-065   2.316E-057   1.180E-050   8.668E-045   9.297E-039   2.293E-033   2.547E-028   8.528E-024   1.707E-019   1.659E-015   1.088E-011   3.010E-008   3.509E-005   8.154E-003   9.918E-001
 8.27   8.429E-065   3.296E-057   1.639E-050   1.174E-044   1.228E-038   2.950E-033   3.191E-028   1.040E-023   2.025E-019   1.915E-015   1.222E-011   3.290E-008   3.731E-005   8.394E-003   9.916E-001
 8.26   1.228E-064   4.691E-057   2.278E-050   1.592E-044   1.622E-038   3.797E-033   3.998E-028   1.268E-023   2.404E-019   2.212E-015   1.374E-011   3.596E-008   3.968E-005   8.641E-003   9.913E-001
 8.25   1.791E-064   6.681E-057   3.166E-050   2.158E-044   2.144E-038   4.888E-033   5.012E-028   1.547E-023   2.854E-019   2.554E-015   1.544E-011   3.932E-008   4.220E-005   8.896E-003   9.911E-001
 8.24   2.613E-064   9.518E-057   4.402E-050   2.927E-044   2.835E-038   6.294E-033   6.284E-028   1.889E-023   3.388E-019   2.950E-015   1.735E-011   4.299E-008   4.489E-005   9.159E-003   9.908E-001
 8.23   3.813E-064   1.357E-056   6.124E-050   3.971E-044   3.751E-038   8.108E-033   7.882E-028   2.305E-023   4.023E-019   3.408E-015   1.951E-011   4.700E-008   4.775E-005   9.430E-003   9.905E-001
 8.22   5.567E-064   1.935E-056   8.522E-050   5.390E-044   4.963E-038   1.045E-032   9.888E-028   2.815E-023   4.779E-019   3.938E-015   2.193E-011   5.139E-008   5.080E-005   9.710E-003   9.902E-001
 8.21   8.132E-064   2.760E-056   1.186E-049   7.319E-044   6.569E-038   1.347E-032   1.241E-027   3.438E-023   5.677E-019   4.550E-015   2.466E-011   5.620E-008   5.405E-005   9.998E-003   9.899E-001
 8.20   1.188E-063   3.938E-056   1.652E-049   9.942E-044   8.699E-038   1.737E-032   1.558E-027   4.200E-023   6.745E-019   5.258E-015   2.773E-011   6.147E-008   5.752E-005   1.030E-002   9.896E-001
 8.19   1.737E-063   5.621E-056   2.302E-049   1.351E-043   1.152E-037   2.241E-032   1.956E-027   5.132E-023   8.016E-019   6.079E-015   3.119E-011   6.724E-008   6.122E-005   1.060E-002   9.893E-001
 8.18   2.540E-063   8.028E-056   3.209E-049   1.837E-043   1.527E-037   2.892E-032   2.458E-027   6.272E-023   9.530E-019   7.028E-015   3.508E-011   7.356E-008   6.517E-005   1.092E-002   9.890E-001
 8.17   3.715E-063   1.147E-055   4.474E-049   2.498E-043   2.024E-037   3.733E-032   3.088E-027   7.668E-023   1.133E-018   8.128E-015   3.947E-011   8.050E-008   6.938E-005   1.125E-002   9.887E-001
 8.16   5.438E-063   1.639E-055   6.242E-049   3.399E-043   2.685E-037   4.821E-032   3.882E-027   9.378E-023   1.348E-018   9.402E-015   4.441E-011   8.810E-008   7.387E-005   1.158E-002   9.883E-001
 8.15   7.963E-063   2.344E-055   8.713E-049   4.627E-043   3.562E-037   6.229E-032   4.881E-027   1.147E-022   1.604E-018   1.088E-014   4.999E-011   9.644E-008   7.867E-005   1.193E-002   9.880E-001
 8.14   1.167E-062   3.355E-055   1.217E-048   6.302E-043   4.729E-037   8.051E-032   6.140E-027   1.404E-022   1.909E-018   1.259E-014   5.628E-011   1.056E-007   8.378E-005   1.229E-002   9.876E-001
 8.13   1.711E-062   4.803E-055   1.700E-048   8.587E-043   6.280E-037   1.041E-031   7.726E-027   1.719E-022   2.273E-018   1.458E-014   6.339E-011   1.156E-007   8.925E-005   1.266E-002   9.872E-001
 8.12   2.510E-062   6.880E-055   2.377E-048   1.171E-042   8.344E-037   1.347E-031   9.727E-027   2.105E-022   2.707E-018   1.688E-014   7.140E-011   1.267E-007   9.509E-005   1.305E-002   9.869E-001
 8.11   3.684E-062   9.862E-055   3.324E-048   1.597E-042   1.109E-036   1.743E-031   1.225E-026   2.580E-022   3.225E-018   1.956E-014   8.046E-011   1.388E-007   1.013E-004   1.344E-002   9.865E-001
 8.10   5.410E-062   1.414E-054   4.652E-048   2.179E-042   1.475E-036   2.257E-031   1.544E-026   3.162E-022   3.844E-018   2.266E-014   9.068E-011   1.521E-007   1.080E-004   1.386E-002   9.860E-001
 8.09   7.951E-062   2.029E-054   6.515E-048   2.976E-042   1.964E-036   2.924E-031   1.946E-026   3.878E-022   4.584E-018   2.627E-014   1.022E-010   1.667E-007   1.152E-004   1.428E-002   9.856E-001
 8.08   1.169E-061   2.914E-054   9.129E-048   4.067E-042   2.615E-036   3.791E-031   2.455E-026   4.758E-022   5.468E-018   3.046E-014   1.153E-010   1.828E-007   1.229E-004   1.473E-002   9.852E-001
 8.07   1.720E-061   4.186E-054   1.280E-047   5.561E-042   3.484E-036   4.917E-031   3.098E-026   5.840E-022   6.524E-018   3.533E-014   1.301E-010   2.005E-007   1.311E-004   1.518E-002   9.847E-001
 8.06   2.532E-061   6.017E-054   1.796E-047   7.607E-042   4.645E-036   6.381E-031   3.912E-026   7.170E-022   7.786E-018   4.099E-014   1.468E-010   2.200E-007   1.399E-004   1.566E-002   9.842E-001
 8.05   3.729E-061   8.654E-054   2.520E-047   1.041E-041   6.195E-036   8.284E-031   4.941E-026   8.808E-022   9.296E-018   4.757E-014   1.656E-010   2.413E-007   1.493E-004   1.615E-002   9.837E-001
 8.04   5.496E-061   1.245E-053   3.539E-047   1.426E-041   8.266E-036   1.076E-030   6.244E-026   1.082E-021   1.110E-017   5.522E-014   1.869E-010   2.648E-007   1.594E-004   1.665E-002   9.832E-001
 8.03   8.105E-061   1.793E-053   4.972E-047   1.953E-041   1.103E-035   1.398E-030   7.892E-026   1.330E-021   1.326E-017   6.410E-014   2.110E-010   2.907E-007   1.701E-004   1.718E-002   9.827E-001
 8.02   1.196E-060   2.583E-053   6.990E-047   2.678E-041   1.474E-035   1.817E-030   9.979E-026   1.636E-021   1.585E-017   7.445E-014   2.383E-010   3.191E-007   1.817E-004   1.772E-002   9.821E-001
 8.01   1.765E-060   3.722E-053   9.831E-047   3.672E-041   1.969E-035   2.363E-030   1.262E-025   2.012E-021   1.894E-017   8.648E-014   2.692E-010   3.504E-007   1.940E-004   1.828E-002   9.815E-001
 8.00   2.607E-060   5.368E-053   1.383E-046   5.039E-041   2.633E-035   3.075E-030   1.598E-025   2.476E-021   2.265E-017   1.005E-013   3.041E-010   3.848E-007   2.073E-004   1.886E-002   9.809E-001
 7.99   3.853E-060   7.745E-053   1.948E-046   6.918E-041   3.522E-035   4.003E-030   2.023E-025   3.049E-021   2.710E-017   1.168E-013   3.437E-010   4.228E-007   2.215E-004   1.947E-002   9.803E-001
 7.98   5.698E-060   1.118E-052   2.744E-046   9.503E-041   4.713E-035   5.213E-030   2.562E-025   3.755E-021   3.244E-017   1.359E-013   3.886E-010   4.647E-007   2.369E-004   2.009E-002   9.797E-001
 7.97   8.431E-060   1.615E-052   3.868E-046   1.306E-040   6.311E-035   6.794E-030   3.247E-025   4.627E-021   3.884E-017   1.581E-013   4.396E-010   5.109E-007   2.533E-004   2.075E-002   9.790E-001
 7.96   1.248E-059   2.335E-052   5.456E-046   1.796E-040   8.456E-035   8.858E-030   4.117E-025   5.703E-021   4.652E-017   1.840E-013   4.973E-010   5.619E-007   2.710E-004   2.142E-002   9.783E-001
 7.95   1.850E-059   3.378E-052   7.701E-046   2.472E-040   1.134E-034   1.156E-029   5.223E-025   7.034E-021   5.575E-017   2.142E-013   5.628E-010   6.182E-007   2.899E-004   2.213E-002   9.776E-001
 7.94   2.743E-059   4.890E-052   1.088E-045   3.405E-040   1.521E-034   1.509E-029   6.631E-025   8.681E-021   6.684E-017   2.495E-013   6.372E-010   6.802E-007   3.103E-004   2.285E-002   9.768E-001
 7.93   4.069E-059   7.085E-052   1.538E-045   4.692E-040   2.042E-034   1.971E-029   8.422E-025   1.072E-020   8.016E-017   2.906E-013   7.216E-010   7.488E-007   3.323E-004   2.361E-002   9.761E-001
 7.92   6.043E-059   1.027E-051   2.175E-045   6.472E-040   2.744E-034   2.576E-029   1.070E-024   1.324E-020   9.618E-017   3.387E-013   8.174E-010   8.245E-007   3.558E-004   2.439E-002   9.753E-001
 7.91   8.981E-059   1.490E-051   3.079E-045   8.932E-040   3.689E-034   3.369E-029   1.361E-024   1.636E-020   1.155E-016   3.949E-013   9.263E-010   9.081E-007   3.812E-004   2.520E-002   9.744E-001
 7.90   1.336E-058   2.164E-051   4.362E-045   1.234E-039   4.962E-034   4.409E-029   1.732E-024   2.024E-020   1.387E-016   4.607E-013   1.050E-009   1.001E-006   4.085E-004   2.605E-002   9.735E-001
 7.89   1.989E-058   3.144E-051   6.185E-045   1.705E-039   6.680E-034   5.775E-029   2.205E-024   2.504E-020   1.666E-016   5.376E-013   1.191E-009   1.103E-006   4.379E-004   2.693E-002   9.726E-001
 7.88   2.963E-058   4.573E-051   8.774E-045   2.358E-039   8.999E-034   7.568E-029   2.809E-024   3.100E-020   2.003E-016   6.277E-013   1.351E-009   1.216E-006   4.696E-004   2.784E-002   9.717E-001
 7.87   4.418E-058   6.654E-051   1.246E-044   3.264E-039   1.213E-033   9.923E-029   3.581E-024   3.840E-020   2.410E-016   7.331E-013   1.534E-009   1.341E-006   5.037E-004   2.879E-002   9.707E-001
 7.86   6.591E-058   9.690E-051   1.769E-044   4.520E-039   1.636E-033   1.302E-028   4.566E-024   4.758E-020   2.900E-016   8.566E-013   1.742E-009   1.480E-006   5.406E-004   2.977E-002   9.697E-001
 7.85   9.840E-058   1.412E-050   2.515E-044   6.263E-039   2.208E-033   1.709E-028   5.827E-024   5.900E-020   3.491E-016   1.001E-012   1.978E-009   1.633E-006   5.803E-004   3.080E-002   9.686E-001
 7.84   1.470E-057   2.059E-050   3.577E-044   8.684E-039   2.982E-033   2.245E-028   7.438E-024   7.318E-020   4.204E-016   1.171E-012   2.247E-009   1.803E-006   6.232E-004   3.187E-002   9.675E-001
 7.83   2.197E-057   3.003E-050   5.092E-044   1.205E-038   4.029E-033   2.950E-028   9.501E-024   9.082E-020   5.065E-016   1.369E-012   2.553E-009   1.991E-006   6.694E-004   3.298E-002   9.663E-001
 7.82   3.287E-057   4.385E-050   7.252E-044   1.673E-038   5.448E-033   3.879E-028   1.214E-023   1.128E-019   6.105E-016   1.602E-012   2.902E-009   2.199E-006   7.194E-004   3.414E-002   9.651E-001
 7.81   4.921E-057   6.408E-050   1.034E-043   2.325E-038   7.371E-033   5.104E-028   1.553E-023   1.401E-019   7.362E-016   1.875E-012   3.300E-009   2.431E-006   7.734E-004   3.534E-002   9.639E-001
 7.80   7.374E-057   9.372E-050   1.475E-043   3.233E-038   9.982E-033   6.721E-028   1.987E-023   1.742E-019   8.883E-016   2.196E-012   3.755E-009   2.687E-006   8.318E-004   3.660E-002   9.626E-001
 7.79   1.106E-056   1.372E-049   2.106E-043   4.500E-038   1.353E-032   8.857E-028   2.545E-023   2.167E-019   1.073E-015   2.574E-012   4.274E-009   2.972E-006   8.949E-004   3.790E-002   9.612E-001
 7.78   1.661E-056   2.010E-049   3.010E-043   6.269E-038   1.835E-032   1.168E-027   3.261E-023   2.697E-019   1.296E-015   3.017E-012   4.867E-009   3.288E-006   9.632E-004   3.927E-002   9.598E-001
 7.77   2.496E-056   2.949E-049   4.306E-043   8.740E-038   2.491E-032   1.542E-027   4.182E-023   3.359E-019   1.566E-015   3.539E-012   5.545E-009   3.640E-006   1.037E-003   4.069E-002   9.583E-001
 7.76   3.754E-056   4.328E-049   6.166E-043   1.220E-037   3.385E-032   2.037E-027   5.367E-023   4.187E-019   1.894E-015   4.153E-012   6.321E-009   4.031E-006   1.117E-003   4.217E-002   9.567E-001
 7.75   5.651E-056   6.358E-049   8.835E-043   1.703E-037   4.602E-032   2.693E-027   6.892E-023   5.222E-019   2.292E-015   4.876E-012   7.207E-009   4.466E-006   1.204E-003   4.372E-002   9.551E-001
 7.74   8.515E-056   9.348E-049   1.267E-042   2.381E-037   6.262E-032   3.562E-027   8.856E-023   6.516E-019   2.775E-015   5.728E-012   8.222E-009   4.949E-006   1.298E-003   4.533E-002   9.534E-001
 7.73   1.284E-055   1.375E-048   1.818E-042   3.330E-037   8.527E-032   4.715E-027   1.139E-022   8.137E-019   3.361E-015   6.731E-012   9.382E-009   5.488E-006   1.401E-003   4.701E-002   9.516E-001
 7.72   1.938E-055   2.025E-048   2.611E-042   4.661E-037   1.162E-031   6.246E-027   1.465E-022   1.017E-018   4.073E-015   7.913E-012   1.071E-008   6.087E-006   1.512E-003   4.877E-002   9.497E-001
 7.71   2.927E-055   2.985E-048   3.754E-042   6.530E-037   1.585E-031   8.280E-027   1.887E-022   1.271E-018   4.939E-015   9.308E-012   1.223E-008   6.754E-006   1.632E-003   5.060E-002   9.478E-001
 7.70   4.426E-055   4.403E-048   5.401E-042   9.155E-037   2.163E-031   1.098E-026   2.431E-022   1.590E-018   5.993E-015   1.095E-011   1.398E-008   7.498E-006   1.763E-003   5.252E-002   9.457E-001
 7.69   6.697E-055   6.501E-048   7.776E-042   1.285E-036   2.955E-031   1.458E-026   3.134E-022   1.990E-018   7.275E-015   1.290E-011   1.598E-008   8.326E-006   1.905E-003   5.452E-002   9.436E-001
 7.68   1.014E-054   9.607E-048   1.121E-041   1.804E-036   4.039E-031   1.937E-026   4.043E-022   2.492E-018   8.836E-015   1.519E-011   1.827E-008   9.250E-006   2.060E-003   5.662E-002   9.413E-001
 7.67   1.538E-054   1.421E-047   1.616E-041   2.536E-036   5.526E-031   2.576E-026   5.219E-022   3.123E-018   1.074E-014   1.790E-011   2.091E-008   1.028E-005   2.229E-003   5.880E-002   9.390E-001
 7.66   2.334E-054   2.104E-047   2.334E-041   3.568E-036   7.567E-031   3.428E-026   6.743E-022   3.917E-018   1.306E-014   2.111E-011   2.393E-008   1.143E-005   2.412E-003   6.109E-002   9.365E-001
 7.65   3.545E-054   3.118E-047   3.372E-041   5.025E-036   1.037E-030   4.565E-026   8.718E-022   4.915E-018   1.589E-014   2.490E-011   2.741E-008   1.271E-005   2.611E-003   6.348E-002   9.339E-001
 7.64   5.391E-054   4.626E-047   4.879E-041   7.083E-036   1.423E-030   6.085E-026   1.128E-021   6.173E-018   1.935E-014   2.940E-011   3.140E-008   1.415E-005   2.828E-003   6.597E-002   9.312E-001
 7.63   8.207E-054   6.869E-047   7.064E-041   9.993E-036   1.954E-030   8.118E-026   1.461E-021   7.757E-018   2.357E-014   3.472E-011   3.599E-008   1.575E-005   3.065E-003   6.858E-002   9.283E-001
 7.62   1.250E-053   1.021E-046   1.024E-040   1.411E-035   2.685E-030   1.084E-025   1.893E-021   9.756E-018   2.873E-014   4.102E-011   4.127E-008   1.755E-005   3.323E-003   7.131E-002   9.253E-001
 7.61   1.907E-053   1.519E-046   1.485E-040   1.995E-035   3.693E-030   1.448E-025   2.456E-021   1.228E-017   3.504E-014   4.849E-011   4.734E-008   1.956E-005   3.604E-003   7.417E-002   9.222E-001
 7.60   2.912E-053   2.262E-046   2.157E-040   2.822E-035   5.084E-030   1.937E-025   3.187E-021   1.546E-017   4.276E-014   5.736E-011   5.434E-008   2.180E-005   3.911E-003   7.716E-002   9.189E-001
 7.59   4.450E-053   3.372E-046   3.134E-040   3.996E-035   7.004E-030   2.592E-025   4.139E-021   1.948E-017   5.221E-014   6.787E-011   6.239E-008   2.431E-005   4.247E-003   8.029E-002   9.154E-001
 7.58   6.806E-053   5.031E-046   4.559E-040   5.662E-035   9.658E-030   3.472E-025   5.380E-021   2.456E-017   6.380E-014   8.036E-011   7.167E-008   2.713E-005   4.613E-003   8.357E-002   9.118E-001
 7.57   1.042E-052   7.515E-046   6.637E-040   8.032E-035   1.333E-029   4.655E-025   6.998E-021   3.099E-017   7.800E-014   9.520E-011   8.238E-008   3.028E-005   5.015E-003   8.700E-002   9.080E-001
 7.56   1.598E-052   1.124E-045   9.674E-040   1.141E-034   1.842E-029   6.246E-025   9.110E-021   3.913E-017   9.543E-014   1.128E-010   9.472E-008   3.382E-005   5.454E-003   9.060E-002   9.039E-001
 7.55   2.452E-052   1.682E-045   1.412E-039   1.621E-034   2.547E-029   8.389E-025   1.187E-020   4.946E-017   1.168E-013   1.338E-010   1.090E-007   3.779E-005   5.935E-003   9.436E-002   8.997E-001
 7.54   3.769E-052   2.520E-045   2.062E-039   2.307E-034   3.526E-029   1.128E-024   1.548E-020   6.255E-017   1.431E-013   1.588E-010   1.254E-007   4.224E-005   6.462E-003   9.831E-002   8.952E-001
 7.53   5.798E-052   3.781E-045   3.015E-039   3.287E-034   4.887E-029   1.518E-024   2.021E-020   7.917E-017   1.755E-013   1.886E-010   1.445E-007   4.724E-005   7.040E-003   1.024E-001   8.905E-001
 7.52   8.931E-052   5.678E-045   4.414E-039   4.688E-034   6.779E-029   2.044E-024   2.640E-020   1.003E-016   2.153E-013   2.240E-010   1.665E-007   5.286E-005   7.673E-003   1.068E-001   8.855E-001
 7.51   1.377E-051   8.537E-045   6.469E-039   6.692E-034   9.414E-029   2.756E-024   3.451E-020   1.271E-016   2.642E-013   2.663E-010   1.919E-007   5.918E-005   8.368E-003   1.113E-001   8.803E-001
 7.50   2.125E-051   1.285E-044   9.490E-039   9.563E-034   1.308E-028   3.719E-024   4.515E-020   1.613E-016   3.245E-013   3.167E-010   2.213E-007   6.627E-005   9.130E-003   1.160E-001   8.748E-001
 7.49   3.284E-051   1.935E-044   1.393E-038   1.368E-033   1.820E-028   5.021E-024   5.912E-020   2.047E-016   3.988E-013   3.769E-010   2.553E-007   7.424E-005   9.966E-003   1.210E-001   8.690E-001
 7.48   5.078E-051   2.918E-044   2.048E-038   1.958E-033   2.534E-028   6.786E-024   7.745E-020   2.600E-016   4.904E-013   4.486E-010   2.947E-007   8.320E-005   1.088E-002   1.262E-001   8.628E-001
 7.47   7.861E-051   4.405E-044   3.013E-038   2.805E-033   3.530E-028   9.178E-024   1.015E-019   3.304E-016   6.034E-013   5.343E-010   3.403E-007   9.327E-005   1.189E-002   1.316E-001   8.564E-001
 7.46   1.218E-050   6.655E-044   4.436E-038   4.023E-033   4.924E-028   1.242E-023   1.332E-019   4.202E-016   7.428E-013   6.366E-010   3.930E-007   1.046E-004   1.300E-002   1.373E-001   8.496E-001
 7.45   1.889E-050   1.006E-043   6.538E-038   5.776E-033   6.873E-028   1.683E-023   1.750E-019   5.348E-016   9.149E-013   7.589E-010   4.541E-007   1.173E-004   1.421E-002   1.432E-001   8.424E-001
 7.44   2.934E-050   1.524E-043   9.646E-038   8.299E-033   9.604E-028   2.282E-023   2.300E-019   6.811E-016   1.128E-012   9.051E-010   5.249E-007   1.317E-004   1.555E-002   1.494E-001   8.349E-001
 7.43   4.561E-050   2.309E-043   1.425E-037   1.194E-032   1.343E-027   3.098E-023   3.025E-019   8.681E-016   1.391E-012   1.080E-009   6.070E-007   1.478E-004   1.702E-002   1.559E-001   8.269E-001
 7.42   7.098E-050   3.503E-043   2.106E-037   1.719E-032   1.880E-027   4.209E-023   3.981E-019   1.107E-015   1.716E-012   1.289E-009   7.021E-007   1.660E-004   1.864E-002   1.627E-001   8.185E-001
 7.41   1.106E-049   5.321E-043   3.116E-037   2.477E-032   2.635E-027   5.722E-023   5.244E-019   1.413E-015   2.118E-012   1.540E-009   8.124E-007   1.865E-004   2.042E-002   1.698E-001   8.096E-001
 7.40   1.725E-049   8.089E-043   4.616E-037   3.573E-032   3.696E-027   7.786E-023   6.913E-019   1.804E-015   2.616E-012   1.840E-009   9.403E-007   2.095E-004   2.238E-002   1.771E-001   8.003E-001
 7.39   2.693E-049   1.231E-042   6.845E-037   5.158E-032   5.187E-027   1.060E-022   9.119E-019   2.305E-015   3.233E-012   2.199E-009   1.089E-006   2.354E-004   2.454E-002   1.848E-001   7.904E-001
 7.38   4.210E-049   1.875E-042   1.016E-036   7.455E-032   7.287E-027   1.445E-022   1.204E-018   2.947E-015   3.997E-012   2.629E-009   1.260E-006   2.646E-004   2.690E-002   1.928E-001   7.801E-001
 7.37   6.586E-049   2.858E-042   1.509E-036   1.078E-031   1.024E-026   1.970E-022   1.589E-018   3.769E-015   4.944E-012   3.143E-009   1.460E-006   2.974E-004   2.950E-002   2.010E-001   7.692E-001
 7.36   1.031E-048   4.361E-042   2.243E-036   1.560E-031   1.441E-026   2.688E-022   2.100E-018   4.822E-015   6.116E-012   3.759E-009   1.691E-006   3.343E-004   3.236E-002   2.096E-001   7.577E-001
 7.35   1.616E-048   6.658E-042   3.336E-036   2.260E-031   2.028E-026   3.669E-022   2.776E-018   6.172E-015   7.567E-012   4.497E-009   1.958E-006   3.758E-004   3.550E-002   2.184E-001   7.457E-001
 7.34   2.533E-048   1.017E-041   4.964E-036   3.274E-031   2.856E-026   5.011E-022   3.670E-018   7.902E-015   9.365E-012   5.379E-009   2.267E-006   4.223E-004   3.894E-002   2.276E-001   7.330E-001
 7.33   3.974E-048   1.555E-041   7.393E-036   4.747E-031   4.025E-026   6.846E-022   4.854E-018   1.012E-014   1.159E-011   6.435E-009   2.626E-006   4.746E-004   4.272E-002   2.370E-001   7.198E-001
 7.32   6.238E-048   2.379E-041   1.102E-035   6.887E-031   5.674E-026   9.359E-022   6.423E-018   1.296E-014   1.435E-011   7.697E-009   3.040E-006   5.332E-004   4.687E-002   2.468E-001   7.058E-001
 7.31   9.799E-048   3.641E-041   1.643E-035   9.996E-031   8.004E-026   1.280E-021   8.502E-018   1.661E-014   1.777E-011   9.207E-009   3.519E-006   5.989E-004   5.142E-002   2.567E-001   6.912E-001
 7.30   1.541E-047   5.578E-041   2.451E-035   1.452E-030   1.130E-025   1.751E-021   1.126E-017   2.128E-014   2.200E-011   1.101E-008   4.073E-006   6.726E-004   5.640E-002   2.670E-001   6.760E-001
 7.29   2.423E-047   8.549E-041   3.659E-035   2.110E-030   1.595E-025   2.397E-021   1.491E-017   2.728E-014   2.724E-011   1.317E-008   4.714E-006   7.551E-004   6.186E-002   2.774E-001   6.600E-001
 7.28   3.815E-047   1.311E-040   5.465E-035   3.068E-030   2.254E-025   3.283E-021   1.976E-017   3.497E-014   3.373E-011   1.575E-008   5.453E-006   8.475E-004   6.783E-002   2.880E-001   6.433E-001
 7.27   6.008E-047   2.012E-040   8.168E-035   4.463E-030   3.186E-025   4.497E-021   2.619E-017   4.484E-014   4.176E-011   1.884E-008   6.306E-006   9.507E-004   7.435E-002   2.987E-001   6.260E-001
 7.26   9.469E-047   3.089E-040   1.221E-034   6.495E-030   4.505E-025   6.162E-021   3.471E-017   5.749E-014   5.170E-011   2.252E-008   7.289E-006   1.066E-003   8.147E-002   3.096E-001   6.079E-001
 7.25   1.493E-046   4.744E-040   1.826E-034   9.456E-030   6.370E-025   8.444E-021   4.600E-017   7.370E-014   6.399E-011   2.690E-008   8.422E-006   1.194E-003   8.923E-002   3.205E-001   5.891E-001
 7.24   2.354E-046   7.288E-040   2.732E-034   1.377E-029   9.008E-025   1.157E-020   6.096E-017   9.446E-014   7.917E-011   3.213E-008   9.723E-006   1.337E-003   9.766E-002   3.313E-001   5.697E-001
 7.23   3.714E-046   1.120E-039   4.088E-034   2.005E-029   1.274E-024   1.585E-020   8.076E-017   1.210E-013   9.792E-011   3.835E-008   1.122E-005   1.496E-003   1.068E-001   3.421E-001   5.496E-001
 7.22   5.860E-046   1.721E-039   6.117E-034   2.920E-029   1.802E-024   2.172E-020   1.070E-016   1.550E-013   1.210E-010   4.575E-008   1.293E-005   1.672E-003   1.168E-001   3.527E-001   5.288E-001
 7.21   9.246E-046   2.645E-039   9.154E-034   4.252E-029   2.548E-024   2.975E-020   1.417E-016   1.985E-013   1.495E-010   5.453E-008   1.490E-005   1.867E-003   1.275E-001   3.631E-001   5.075E-001
 7.20   1.459E-045   4.065E-039   1.370E-033   6.191E-029   3.603E-024   4.074E-020   1.875E-016   2.540E-013   1.846E-010   6.494E-008   1.714E-005   2.082E-003   1.391E-001   3.731E-001   4.857E-001
 7.19   2.302E-045   6.245E-039   2.049E-033   9.012E-029   5.093E-024   5.578E-020   2.482E-016   3.249E-013   2.278E-010   7.726E-008   1.970E-005   2.318E-003   1.516E-001   3.827E-001   4.634E-001
 7.18   3.631E-045   9.592E-039   3.064E-033   1.311E-028   7.197E-024   7.632E-020   3.282E-016   4.153E-013   2.807E-010   9.183E-008   2.261E-005   2.578E-003   1.650E-001   3.917E-001   4.407E-001
 7.17   5.724E-045   1.472E-038   4.579E-033   1.907E-028   1.016E-023   1.044E-019   4.336E-016   5.302E-013   3.455E-010   1.090E-007   2.591E-005   2.863E-003   1.793E-001   4.000E-001   4.177E-001
 7.16   9.017E-045   2.259E-038   6.839E-033   2.771E-028   1.434E-023   1.426E-019   5.722E-016   6.761E-013   4.248E-010   1.292E-007   2.964E-005   3.173E-003   1.946E-001   4.076E-001   3.946E-001
 7.15   1.419E-044   3.462E-038   1.020E-032   4.022E-028   2.021E-023   1.945E-019   7.543E-016   8.610E-013   5.214E-010   1.528E-007   3.385E-005   3.510E-003   2.108E-001   4.142E-001   3.715E-001
 7.14   2.232E-044   5.300E-038   1.521E-032   5.832E-028   2.846E-023   2.651E-019   9.928E-016   1.095E-012   6.390E-010   1.805E-007   3.858E-005   3.875E-003   2.278E-001   4.199E-001   3.483E-001
 7.13   3.505E-044   8.105E-038   2.263E-032   8.445E-028   4.000E-023   3.607E-019   1.305E-015   1.390E-012   7.818E-010   2.128E-007   4.388E-005   4.267E-003   2.458E-001   4.244E-001   3.255E-001
 7.12   5.500E-044   1.238E-037   3.365E-032   1.221E-027   5.617E-023   4.901E-019   1.712E-015   1.761E-012   9.548E-010   2.504E-007   4.980E-005   4.688E-003   2.646E-001   4.278E-001   3.029E-001
 7.11   8.621E-044   1.889E-037   4.998E-032   1.765E-027   7.877E-023   6.650E-019   2.244E-015   2.229E-012   1.164E-009   2.940E-007   5.640E-005   5.139E-003   2.842E-001   4.299E-001   2.807E-001
 7.10   1.350E-043   2.880E-037   7.415E-032   2.547E-027   1.103E-022   9.012E-019   2.936E-015   2.816E-012   1.416E-009   3.446E-007   6.372E-005   5.619E-003   3.046E-001   4.306E-001   2.591E-001
 7.09   2.112E-043   4.386E-037   1.099E-031   3.671E-027   1.543E-022   1.220E-018   3.835E-015   3.552E-012   1.720E-009   4.030E-007   7.183E-005   6.129E-003   3.257E-001   4.300E-001   2.381E-001
 7.08   3.301E-043   6.673E-037   1.627E-031   5.287E-027   2.157E-022   1.649E-018   5.005E-015   4.473E-012   2.086E-009   4.704E-007   8.081E-005   6.670E-003   3.475E-001   4.280E-001   2.178E-001
 7.07   5.154E-043   1.014E-036   2.406E-031   7.604E-027   3.010E-022   2.226E-018   6.520E-015   5.624E-012   2.524E-009   5.479E-007   9.068E-005   7.239E-003   3.698E-001   4.245E-001   1.984E-001
 7.06   8.037E-043   1.539E-036   3.553E-031   1.092E-026   4.196E-022   3.000E-018   8.480E-015   7.058E-012   3.049E-009   6.369E-007   1.015E-004   7.836E-003   3.925E-001   4.197E-001   1.798E-001
 7.05   1.252E-042   2.333E-036   5.241E-031   1.567E-026   5.841E-022   4.038E-018   1.101E-014   8.843E-012   3.676E-009   7.387E-007   1.134E-004   8.460E-003   4.157E-001   4.135E-001   1.622E-001
 7.04   1.947E-042   3.531E-036   7.719E-031   2.244E-026   8.117E-022   5.426E-018   1.427E-014   1.106E-011   4.422E-009   8.548E-007   1.263E-004   9.109E-003   4.391E-001   4.060E-001   1.457E-001
 7.03   3.024E-042   5.337E-036   1.135E-030   3.210E-026   1.127E-021   7.280E-018   1.847E-014   1.380E-011   5.310E-009   9.872E-007   1.404E-004   9.782E-003   4.626E-001   3.973E-001   1.301E-001
 7.02   4.693E-042   8.059E-036   1.668E-030   4.585E-026   1.562E-021   9.754E-018   2.387E-014   1.720E-011   6.364E-009   1.138E-006   1.557E-004   1.048E-002   4.862E-001   3.874E-001   1.157E-001
